"","logFC","AveExpr","t","P.Value","adj.P.Val","B"
"CCDC184",0.929949943300515,4.17695450715481,7.02804032036387,3.09087975445713e-09,4.97137099706885e-05,3.61935664283935
"BMERB1",0.424212230130463,5.5419352672545,4.11253803076713,0.000129209443497485,0.692075658418863,-1.06014397686048
"PLTP",-0.566896691261923,4.28145643796844,-3.95266602354113,0.000218802409896873,0.692075658418863,-1.31107092929057
"CTSO",-0.848722131807278,2.72901899546321,-3.92085709129412,0.000242697607796831,0.692075658418863,-1.36059922496036
"MAZ",-0.41037590729235,7.46070014446987,-3.89112758177173,0.000267288991658816,0.692075658418863,-1.40676178540729
"COL3A1",-0.600464420713118,3.90319365802042,-3.88631801126999,0.000271486260847276,0.692075658418863,-1.4142179978853
"RND1",-0.748183795033574,2.30420019892011,-3.79408343301304,0.000365373366544192,0.692075658418863,-1.55654413359646
"C4orf46",0.440449028998794,7.0764568633079,3.77712067124925,0.000385740548337655,0.692075658418863,-1.58257712201393
"C2orf68",-0.482461588090645,2.97430381749912,-3.77498658415511,0.000388378805112412,0.692075658418863,-1.58584910889495
"FN1",-0.743716085635129,4.03759267113711,-3.74283093801488,0.000430288273078129,0.692075658418863,-1.63506165486092
"COL12A1",-0.454236222768006,3.55292391905119,-3.62207261196699,0.000629779370084318,0.75459742169929,-1.81832824820409
"C4B",-0.493122965671419,4.68364999576712,-3.61293499038861,0.000648029052951526,0.75459742169929,-1.83209192709665
"MGAT1",-0.421422013970632,4.38620692926484,-3.60208466461806,0.000670355323480357,0.75459742169929,-1.84841571607395
"SLC22A4",-0.4159101696682,3.16784175332531,-3.58720398696169,0.000702171253777748,0.75459742169929,-1.87076792801321
"C7",-0.508598380852102,6.23631396934142,-3.57836288965421,0.000721751028310715,0.75459742169929,-1.88402874475527
"TINAGL1",-0.403918728017498,5.82510452313797,-3.50398955067617,0.000908365805784124,0.75459742169929,-1.99499629790884
"ZNF208",-0.602409404004626,3.01187020736519,-3.47805175324933,0.000983634721900795,0.75459742169929,-2.03344362367448
"SLC41A1",0.452583562367411,3.86089151178082,3.47641670778745,0.000988572934960492,0.75459742169929,-2.03586274754115
"CPSF1",0.378170910029973,4.35945511290694,3.42182172721703,0.00116766302897157,0.75459742169929,-2.11632703476933
"HOXA5",-0.672071385133906,2.2769611628998,-3.40215445884145,0.00123941493093926,0.75459742169929,-2.14516265354483
"DUS1L",-0.422625354370013,4.01278984693207,-3.38563723909029,0.00130288468581291,0.75459742169929,-2.16931676564188
"KLRF1",0.521474360704165,3.20820619962864,3.36803253855757,0.00137391795558784,0.75459742169929,-2.19499708830041
"TMEM218",0.387407900819228,3.87267334763612,3.36381920631175,0.00139145418491318,0.75459742169929,-2.20113326930446
"A2M",-0.337038049459751,7.6073319290099,-3.36151962524046,0.0014011144051314,0.75459742169929,-2.20448069599158
"STK32C",-0.595488130475958,3.27659317960034,-3.35477667084597,0.0014298079538468,0.75459742169929,-2.21428958543405
"NCKAP5L",-0.404599412496591,3.45413576043077,-3.35316511637027,0.00143674754126863,0.75459742169929,-2.21663242926458
"PIK3CB",0.48215502440469,3.59102300058887,3.34707068793838,0.00146328030082303,0.75459742169929,-2.22548725823672
"PCK1",-0.517783126216643,3.54138309395802,-3.34136864566472,0.00148852399345201,0.75459742169929,-2.23376461639815
"EPB41L2",-0.366081743479922,4.15217272296855,-3.33779667109571,0.00150454686825411,0.75459742169929,-2.23894623026471
"EHBP1L1",-0.620761376894552,3.55452125574776,-3.33744640296589,0.00150612682537075,0.75459742169929,-2.23945418865962
"DLX5",0.521643283405507,3.05836917914636,3.31863277323932,0.00159333302875241,0.75459742169929,-2.26669784044548
"HNRNPC",-0.50265829997794,4.47556363378277,-3.30104992873093,0.00167913012422231,0.75459742169929,-2.2920879209232
"NCL",-0.384053618118493,4.56003677259808,-3.28934166796791,0.00173866227703482,0.75459742169929,-2.30895634940324
"VAMP4",0.38393732076914,3.83516529938363,3.27416283628003,0.00181881020399912,0.75459742169929,-2.33077855733557
"UTP18",-0.465511027840147,3.66508560518778,-3.25912727056683,0.00190162895367496,0.75459742169929,-2.35234271936707
"TESK1",-0.567272980399367,3.07336500341557,-3.25637735475094,0.00191715560377077,0.75459742169929,-2.3562810314957
"SLC9A6",-0.519369775009974,3.22183606780326,-3.24626008852574,0.00197531486474823,0.75459742169929,-2.37075543516475
"CDC5L",0.461007344161106,3.74990253988467,3.22749561857839,0.00208760978421993,0.75459742169929,-2.39753774647951
"RAB12",-0.428203698847858,4.1524379163726,-3.22318517981508,0.00211424121551682,0.75459742169929,-2.40367828331863
"SNRNP70",-0.489071241953733,4.14052191324874,-3.22027306181483,0.00213241402292941,0.75459742169929,-2.40782432156488
"MAL",-0.446971288971016,3.84744107052279,-3.21568718713098,0.00216133015369981,0.75459742169929,-2.41434924227307
"CYP26A1",0.5173497707686,3.36472728831013,3.20884676050705,0.00220514892785727,0.75459742169929,-2.42407271279847
"SPINK2",0.486314523877108,3.34551208172973,3.20868386795518,0.00220620251422749,0.75459742169929,-2.42430412391707
"KCNJ2",0.544921948896492,3.49107854020435,3.19886437253314,0.00227059695113062,0.75459742169929,-2.43824233458376
"LSP1",0.404475354419567,4.07493750877167,3.18571817594688,0.0023595780266926,0.75459742169929,-2.45686632821805
"TNFSF18",0.515867313872741,3.27151922069571,3.17796079085016,0.00241361176721349,0.75459742169929,-2.4678364782017
"RUSC2",-0.379697818393894,3.7804847275215,-3.17709261680913,0.0024197308289132,0.75459742169929,-2.4690633020741
"TMEM121B",-0.498140935668019,3.29895772036686,-3.17598077104315,0.00242758862758683,0.75459742169929,-2.47063419261064
"CYP2C8",-0.606327372172597,2.85853865590134,-3.17177690142187,0.00245751607056944,0.75459742169929,-2.47657098032445
"ITGAE",0.486778017677247,2.98620685917332,3.17159795440864,0.00245879765815367,0.75459742169929,-2.47682359718455
"RHOB",-0.363670052120446,6.16108349117143,-3.16508913491924,0.00250584173199099,0.75459742169929,-2.48600668165768
"WWC3",-0.412698792791334,3.51015622862872,-3.16340124515379,0.00251817868785742,0.75459742169929,-2.48838637744728
"PDGFRA",-0.39576959982282,4.32524945260773,-3.15712046167229,0.0025645883983049,0.75459742169929,-2.49723528621742
"BRD1",-0.425870412419213,3.59897706136684,-3.15646243606749,0.00256949685900894,0.75459742169929,-2.49816180785155
"BSND",-0.615494934204817,2.90233187347681,-3.15155612732654,0.00260637387551671,0.75459742169929,-2.50506668622827
"NRG1",0.524860979496508,3.1885541048996,3.14779201242934,0.00263500204155545,0.75459742169929,-2.51036007122903
"PTP4A3",-0.397231017212664,4.46116390531226,-3.14269816225954,0.00267421369291591,0.75459742169929,-2.51751784394721
"GRAPL",0.334610346615444,4.78273934699643,3.12698704843464,0.00279863152517776,0.771291989001174,-2.53955410478717
"CCN3",0.560515385721885,3.15541423704572,3.11542794879475,0.00289361281559794,0.771291989001174,-2.55572732028126
"C12orf73",-0.480410326749733,3.38251649340874,-3.109367291455,0.00294461250299841,0.771291989001174,-2.56419378931785
"PRSS21",0.459252865073045,3.31206954801939,3.1078691765611,0.00295734813725195,0.771291989001174,-2.56628515692742
"APOE",-0.475528056128601,4.48641728896723,-3.10425843489555,0.00298825581936615,0.771291989001174,-2.57132341209809
"CYB561A3",-0.472066909715569,3.45277194089944,-3.10045943896147,0.003021101424215,0.771291989001174,-2.57662077387554
"FDFT1",-0.566529081605273,3.1516464465639,-3.07153087739557,0.0032825286512831,0.818518928531564,-2.61683802387681
"MIEF1",-0.392482260523491,3.39456817623178,-3.06884274730793,0.00330786684621684,0.818518928531564,-2.62056419293915
"ADAMTS2",-0.572807958054473,2.7016020482577,-3.05704568558217,0.00342124318886067,0.833746597721744,-2.63689458909931
"EVA1A",0.575880536867504,3.08229115809529,3.04290953710872,0.00356188151941268,0.855064214301993,-2.65641509363922
"PDGFRB",-0.374734536375878,5.83650283335423,-3.03368756270868,0.0036565204620885,0.864874634003404,-2.66912135887044
"PRRT2",-0.397443300292792,3.82889542747588,-3.02282372068187,0.00377101925775164,0.872000660942537,-2.68406098757881
"ALAS2",0.380999401791211,3.43308305225431,3.02058010894545,0.00379507872830002,0.872000660942537,-2.68714243178222
"DDX5",-0.285321935283413,6.70022345032111,-3.00405095067896,0.00397679324693253,0.900883698361448,-2.70980266860759
"RNH1",-0.384522535396985,4.45635371436251,-2.99762408924792,0.00404961280687645,0.904638505358344,-2.71859363443792
"ZNF587",0.282752789906702,6.91526125371848,2.99007074673096,0.00413678392334128,0.906828868662582,-2.72891121870644
"ECE2",0.514472224465837,3.88540611696654,2.98512144487537,0.00419484714400723,0.906828868662582,-2.73566340974014
"OXCT2",0.38713676071226,3.82596186583844,2.97863440697945,0.00427210020543442,0.906828868662582,-2.74450341975914
"NTRK2",-0.385653944025127,3.93134382860807,-2.96960892719342,0.0043817884134976,0.906828868662582,-2.7567835378981
"KXD1",-0.378253849863859,4.12002816098162,-2.9649015045488,0.00444003317042484,0.906828868662582,-2.7631796437988
"TEAD3",-0.472251173888486,3.60857788795997,-2.96456777897137,0.0044441895693302,0.906828868662582,-2.76363285538892
"CENPL",0.424695944913935,3.15065413550821,2.95993285259894,0.00450229098085223,0.906828868662582,-2.76992409324732
"MAP7D1",-0.464587416584817,3.44140235635376,-2.95928530308254,0.00451046440518568,0.906828868662582,-2.77080257725997
"NGEF",0.460624468860978,3.14092898285418,2.95200810933176,0.00460327169920507,0.914062000123634,-2.78066707951251
"NAE1",-0.476615889744102,2.94439156592447,-2.93484051681232,0.00482929308549854,0.934274782276074,-2.80388030668995
"CXCL8",-0.510130594713237,2.57206995182776,-2.92865725604267,0.00491319431227992,0.934274782276074,-2.81222093849294
"PDX1",-0.370181302999085,3.61566760185487,-2.92512214734187,0.00496176873735718,0.934274782276074,-2.8169846619702
"NUBP2",-0.497229005322557,3.83769548787269,-2.92272380627539,0.00499497679910078,0.934274782276074,-2.82021454465127
"CNR2",-0.423357522708352,3.43238261265489,-2.92226261234684,0.00500138621950449,0.934274782276074,-2.82083545663029
"MORF4L2",-0.402676519627474,4.14144241206496,-2.91852671556305,0.0050535877927144,0.934274782276074,-2.82586294631718
"LENG9",0.386622951538481,3.7232305880444,2.90743967363245,0.00521149902501102,0.952519889980422,-2.840759919385
"JUND",-0.327687959929248,4.95174139271948,-2.897278192023,0.00536023583246845,0.953890231434832,-2.85438274480715
"ZNF655",-0.364624858315076,4.05795712986762,-2.89371626654508,0.00541329779951107,0.953890231434832,-2.85915104101134
"GSN",-0.325052655179589,6.33420847078701,-2.89017802486929,0.00546648866146843,0.953890231434832,-2.86388405399011
"DCN",-0.45447024035387,6.12275356393868,-2.88408069610076,0.00555928865519143,0.953890231434832,-2.87203190375664
"SLC35F5",-0.527183528765825,3.32867834608249,-2.88163895454944,0.00559685905578374,0.953890231434832,-2.87529181614405
"HS6ST1",0.336505940593854,4.11980042573936,2.8803479733985,0.00561681794886525,0.953890231434832,-2.87701468457762
"NPIPA1",-0.276576667105052,5.31536933867229,-2.87143826819237,0.00575637194059283,0.953890231434832,-2.88889200839967
"CD80",0.442429495397977,3.40339906415809,2.86881733282762,0.00579803104554864,0.953890231434832,-2.89238156802366
"MGP",-0.315761028339751,7.21685166675986,-2.86825758573388,0.0058069641755957,0.953890231434832,-2.89312656843756
"TIE1",-0.370682275270174,3.9392129111486,-2.8620719286969,0.00590653437030565,0.953890231434832,-2.9013533973646
"SMIM3",-0.397868492713324,3.28503641933331,-2.85927860651744,0.00595201414879949,0.953890231434832,-2.90506484436193
"ADRA2C",-0.445250854964842,3.43357040237562,-2.85746971619282,0.00598163841178234,0.953890231434832,-2.90746708430108
"TMEM106C",-0.218391624273192,8.05711414569009,-2.84556749457269,0.00617998809136502,0.953890231434832,-2.92324973626156
"NR2F2",-0.329729594048319,5.47935596201043,-2.83818339377699,0.00630608204153463,0.953890231434832,-2.93302047104406
"CCDC82",-0.340738611471704,3.56539636016148,-2.83685299460971,0.00632905172150557,0.953890231434832,-2.93477917492765
"CTSZ",-0.375298206360713,4.60205624909253,-2.83572761794659,0.00634854196980865,0.953890231434832,-2.93626644679034
"PF4",0.330968508261278,4.09103166881094,2.83472447711165,0.00636596196757608,0.953890231434832,-2.93759186137232
"COX18",0.405755619119276,3.67252626970398,2.83101001749912,0.00643085049577355,0.953890231434832,-2.94249707263627
"FAM219B",-0.377690272156235,4.04226262862451,-2.82660457645443,0.00650860174520052,0.953890231434832,-2.94830951386964
"GPX4",-0.252869232724464,4.99855882962667,-2.82403940081371,0.00655427331314051,0.953890231434832,-2.95169131540589
"MAPKBP1",-0.334634320736257,5.32520452803718,-2.8198890617138,0.00662879501869485,0.953890231434832,-2.95715880471496
"FOXD2",-0.394991839970746,3.70214052212984,-2.81900788813091,0.00664471732658578,0.953890231434832,-2.95831897201631
"RALY",-0.294120240232512,4.11186289499676,-2.81768448789979,0.00666869675870319,0.953890231434832,-2.96006095040312
"LRP1",-0.321407290178886,4.6596516327302,-2.81104590084798,0.00679019488346557,0.953890231434832,-2.96879142445886
"KRTAP2-3",0.410993697520019,3.77898128707582,2.80857199761472,0.00683599181920282,0.953890231434832,-2.97204153422281
"RPL32",0.241023957679668,7.53053667990914,2.80153653705287,0.00696779443080221,0.953890231434832,-2.98127446971757
"RARB",-0.440926408540098,3.40984916301813,-2.79715209434279,0.00705111396796646,0.953890231434832,-2.98702089310563
"PAX1",0.442944227567504,2.86181751357277,2.79702257723917,0.00705358915079023,0.953890231434832,-2.98719055595909
"RPRD1B",-0.356013982306671,4.26360798854486,-2.79597470872203,0.00707364429371887,0.953890231434832,-2.98856304234975
"SH2D3A",0.371120293145315,3.45074420654105,2.79362213224439,0.00711886186682962,0.953890231434832,-2.99164322328783
"STARD13",-0.412429816692868,4.12273717149328,-2.78861401712041,0.00721600869196209,0.953890231434832,-2.99819472284428
"ZNF546",-0.590412883247733,2.89920091244068,-2.78540322842309,0.00727893232305065,0.953890231434832,-3.00239104011648
"FLOT2",0.267536019371124,4.72421962550444,2.78418983975536,0.00730284311906196,0.953890231434832,-3.0039760625778
"BEST2",-0.587885547159646,2.85241399966826,-2.77991950690445,0.00738757005860844,0.953890231434832,-3.00955077682652
"TMEM41B",-0.328162904336449,4.89842953732934,-2.77929624546194,0.0074000115216245,0.953890231434832,-3.01036395497825
"TMEM141",-0.436033831055351,3.70043437565774,-2.7786743959449,0.00741244402927576,0.953890231434832,-3.01117517416619
"CRACD",-0.364813046988242,3.36324171557899,-2.77862925059185,0.00741334735944753,0.953890231434832,-3.0112340629331
"ZYX",-0.294809907936459,5.08732332671561,-2.77018045955305,0.00758419837842284,0.95471714805996,-3.0222440402568
"ODR4",-0.383417463015861,3.69823735517011,-2.76862034775632,0.00761614057869693,0.95471714805996,-3.02427472451602
"NUP85",-0.365290418488695,3.59912953862951,-2.76668519857417,0.00765593344711366,0.95471714805996,-3.02679254195575
"DDIT4",-0.410781335030735,4.65240581433627,-2.76662343394245,0.00765720667120958,0.95471714805996,-3.02687288503796
"LYPD6B",-0.396545040142113,3.10880013876699,-2.76006207128397,0.00779357865798444,0.959618667142638,-3.03540126507178
"TSC22D1",-0.302712404777277,5.80928326570494,-2.75900081636543,0.00781584465280313,0.959618667142638,-3.03677944068124
"TMBIM1",-0.317946629924728,4.72493778130583,-2.75499364801292,0.00790044695229462,0.962657490762929,-3.04198016693773
"ATP5MC2",-0.313364281516238,6.76686249815516,-2.74698612977332,0.00807203580750641,0.964363620971626,-3.0523580747989
"TCIM",-0.333391626173611,6.49575868100672,-2.7403885398652,0.00821597887744884,0.964363620971626,-3.06089392432809
"KCTD11",0.31341274046674,4.3555940452975,2.7393412618213,0.00823904360656256,0.964363620971626,-3.06224764518096
"H1-7",-0.558634973756916,3.07788083943512,-2.73920703781136,0.00824200398623351,0.964363620971626,-3.06242111993531
"ADAM30",-0.527159145012642,3.10646038081857,-2.73823336162624,0.0082635081912374,0.964363620971626,-3.06367935952875
"TXLNA",-0.34245872818037,3.83251957439794,-2.72684640065231,0.00851885046001742,0.964363620971626,-3.07837254168326
"CENPJ",-0.489056566419015,2.8147938403143,-2.72411800027301,0.00858109867071886,0.964363620971626,-3.08188718679627
"ZWILCH",-0.405427984201758,3.34870176596994,-2.7199397038222,0.00867723576963165,0.964363620971626,-3.08726507365066
"MTIF3",-0.33764010127002,3.92164913360509,-2.71915993262399,0.00869528634937769,0.964363620971626,-3.08826811762863
"AKR1C1",-0.666447774380083,2.00903970555455,-2.71079017223031,0.0088912155596074,0.964363620971626,-3.09902249526354
"DYRK3",-0.401968018719521,3.13514553304176,-2.70937853173683,0.00892465721200283,0.964363620971626,-3.10083417407801
"TRMT6",0.370131480444416,3.37313660272308,2.70899708502741,0.00893371342942579,0.964363620971626,-3.10132361053556
"IL18BP",0.327682784125657,4.34430719373125,2.70837266252787,0.00894855651130651,0.964363620971626,-3.10212471261563
"TBP",-0.419019708811514,3.57637791225944,-2.70773759566964,0.00896367581215254,0.964363620971626,-3.10293934602197
"KIAA1109",-0.450177062429939,3.4400642365043,-2.70703057259093,0.00898053575785738,0.964363620971626,-3.10384613328158
"CCSER1",0.496234574993182,3.0644612405263,2.7063574920439,0.00899661330924905,0.964363620971626,-3.10470924272143
"ERF",-0.362136981395046,3.84698772019465,-2.70016031925079,0.00914588703544934,0.964363620971626,-3.11264938819558
"CENPE",0.423974946530472,3.18698947355803,2.69944274020265,0.00916331750896285,0.964363620971626,-3.11356801164586
"SLC39A7",-0.373150085350409,4.13680275731149,-2.69332421315786,0.00931318173128148,0.964363620971626,-3.12139420754418
"ELAC2",-0.366597911807708,3.77584772977405,-2.69254601277137,0.00933240271646449,0.964363620971626,-3.12238875921454
"TRPC6",-0.477029089823836,3.67137501587053,-2.68951340973601,0.00940765305235265,0.964363620971626,-3.12626265318076
"CEACAM1",-0.31827349259843,5.13273190339984,-2.68786342556322,0.00944882844492158,0.964363620971626,-3.12836915211255
"SOWAHB",0.404206210988328,3.23278625460861,2.68385127067031,0.00954964136666983,0.964363620971626,-3.13348780180996
"ROPN1B",0.332186899448462,3.83732311088048,2.67908059418524,0.00967079477198657,0.964363620971626,-3.13956754649267
"CD163",-0.455685264027757,3.83351393424587,-2.67487477652172,0.00977876845494832,0.964363620971626,-3.14492146247329
"DAAM2",-0.293439280645601,4.44612306296844,-2.6726877875369,0.00983534873725346,0.964363620971626,-3.14770323684043
"SLC13A1",-0.56697646526612,2.94677340667209,-2.67141383767814,0.00986844539200282,0.964363620971626,-3.14932295738619
"NTNG2",0.368135543582724,3.62831160890638,2.66951769211434,0.00991789512653324,0.964363620971626,-3.15173279305909
"MTFR1",0.343500167405313,3.90077353818391,2.66476763469642,0.0100427689427499,0.964363620971626,-3.15776468212187
"ASCC3",-0.426586779667155,3.92864835694282,-2.66189693059331,0.0101189319434766,0.964363620971626,-3.16140657942806
"MAP3K9",-0.380943430774379,3.23496358540844,-2.65884663933016,0.0102004379639961,0.964363620971626,-3.16527342798853
"GPR107",-0.360682026858465,4.22029202832699,-2.65631004400818,0.0102686741913348,0.964363620971626,-3.168486801874
"PIP4P1",-0.343967315957201,3.54209287101911,-2.64997519631754,0.0104409118266816,0.964363620971626,-3.17650283252548
"KLK15",0.515451518998223,2.88866340969955,2.64858401381428,0.0104790882673279,0.964363620971626,-3.17826149366871
"CEND1",0.430747634470764,3.36353106984297,2.64787765281168,0.0104985207959309,0.964363620971626,-3.17915420107134
"COPS3",-0.343592044682314,3.77862944859848,-2.64029812076654,0.010709120734758,0.964363620971626,-3.18872321156042
"VPS13D",-0.351002083836809,3.93865303396794,-2.63936005919101,0.0107354515993468,0.964363620971626,-3.18990621016719
"HPD",-0.577783580551376,2.4086847610934,-2.63013593813358,0.0109975329858555,0.964363620971626,-3.20152371472144
"NGRN",-0.339633614543787,4.17847630431662,-2.62546606017367,0.0111324302678192,0.964363620971626,-3.20739479386273
"SEC23A",-0.423414408667188,3.71670093420784,-2.62503907450682,0.0111448394651117,0.964363620971626,-3.20793125747458
"GLIS3",0.373181896345399,3.70685538659705,2.62308681854773,0.0112017374213718,0.964363620971626,-3.21038331290228
"PRKAR2A",-0.38629726007414,3.53100099249604,-2.62240930754363,0.0112215451226687,0.964363620971626,-3.21123398515173
"RAB40AL",-0.378608077554507,2.92313230566496,-2.61626973813233,0.0114025028335152,0.964363620971626,-3.21893593047029
"PRDX4",-0.42176738873954,3.26210025225419,-2.61498813610751,0.0114406107290711,0.964363620971626,-3.22054212239859
"ATF7",0.333139516816527,4.21579748148925,2.61260694816443,0.0115117226679616,0.964363620971626,-3.2235249698189
"MGAT4B",-0.337009607710468,4.15161965063283,-2.61247421792707,0.0115156983581686,0.964363620971626,-3.22369118286167
"CA8",-0.482611715834561,2.95864418210395,-2.61047175202766,0.0115758305588578,0.964363620971626,-3.22619809733393
"C1QTNF4",0.393257620190906,3.18124768206108,2.608698706749,0.0116293121167829,0.964363620971626,-3.22841670410443
"CKMT2",-0.579304323216098,2.50434549043173,-2.60648982641671,0.0116962549201074,0.964363620971626,-3.23117923284825
"USP17L15",0.234877771631655,7.1467213240114,2.60609303295212,0.0117083173515701,0.964363620971626,-3.23167531219933
"CHRFAM7A",0.31151193272603,4.04011206235464,2.60020664223264,0.0118885980601477,0.964363620971626,-3.23902854371971
"RAP2C",-0.424149843428002,3.34226302116954,-2.59824046981708,0.0119493762142723,0.964363620971626,-3.24148213948187
"NES",-0.349488372403088,5.54247383843059,-2.59768881923812,0.0119664795308078,0.964363620971626,-3.24217031885694
"UQCRHL",0.23562935768935,5.07236828012774,2.59700201320027,0.0119878043343746,0.964363620971626,-3.24302696384082
"POLG",-0.362064978170773,3.82468295882112,-2.59587071614506,0.0120230056715086,0.964363620971626,-3.24443767931436
"PRKCG",0.404223264952032,3.34238301108022,2.59561160210653,0.0120310814712253,0.964363620971626,-3.24476073258441
"SALL3",0.401261828596462,3.3020271442422,2.59525210055216,0.0120422942226572,0.964363620971626,-3.24520890853943
"SLC44A3",-0.411361319976567,2.93247797896837,-2.59449227282819,0.0120660243342,0.964363620971626,-3.24615601502265
"SLC5A7",0.436305326972277,2.88922448802847,2.59165188799472,0.0121551095038306,0.964363620971626,-3.24969480249998
"HOXD3",-0.385335200877754,3.72606327079239,-2.59139780312915,0.0121631076540958,0.964363620971626,-3.25001123313887
"C17orf80",0.324124993828594,3.69006687356621,2.58711633571109,0.0122986029450358,0.964363620971626,-3.25534006111268
"CLVS1",0.42198478670458,3.4674870773318,2.58667642028664,0.0123126024181604,0.964363620971626,-3.25588724906447
"FAM117A",0.317842388802689,3.96783993146001,2.58459915329922,0.0123789035128954,0.964363620971626,-3.25847019058923
"WNT7A",0.412949874070262,3.20052923778327,2.58424114923269,0.0123903628420539,0.964363620971626,-3.25891520056687
"FAM50A",-0.421415824190281,3.54952616880828,-2.58278258256653,0.0124371497949247,0.964363620971626,-3.26072780568994
"NAPA",-0.416363917668752,3.8417049602996,-2.58185342191464,0.0124670385165676,0.964363620971626,-3.26188213518436
"ARFGAP1",-0.398928148471228,3.49665354937615,-2.5793001990128,0.0125495057810023,0.964363620971626,-3.26505262465193
"SGCA",0.318817421080217,4.46404630609677,2.57889945604637,0.0125624944259398,0.964363620971626,-3.26555005523419
"RAB3IP",-0.389630314174539,3.16495680198397,-2.57657561216344,0.012638054687587,0.964363620971626,-3.26843352637577
"TTC23",0.316778240477142,3.4867779808315,2.57623198636743,0.0126492627427749,0.964363620971626,-3.26885975213348
"INTS10",-0.272765310346337,4.00529671823982,-2.55403447819882,0.0133927067928569,0.964363620971626,-3.29630983403895
"CAT",0.270194988298909,4.74473631652438,2.55170253099605,0.0134730675106997,0.964363620971626,-3.29918404009185
"CDR1",-0.454593445727286,2.70529176360347,-2.55100367751085,0.0134972356087053,0.964363620971626,-3.30004504649591
"PURA",-0.345090123940753,4.09516906257416,-2.55036993094504,0.0135191861468955,0.964363620971626,-3.30082569785969
"TNFRSF11B",-0.357994346973709,3.77783569429372,-2.54687394721367,0.0136408566751737,0.964363620971626,-3.30512964195485
"RPL26",0.188648370558131,7.53657218751837,2.54568146548062,0.0136825851752611,0.964363620971626,-3.30659678087022
"PGAP3",0.28525216811919,4.0371312495125,2.53804667893132,0.013952503640259,0.964363620971626,-3.31597870915847
"SPDYE11",0.28165653090714,5.30988784637324,2.53792720018443,0.0139567657570615,0.964363620971626,-3.3161253733819
"ZNF589",-0.324123232906933,3.71397770860107,-2.53474205190196,0.0140708242106416,0.964363620971626,-3.32003347609126
"PRR20A",0.286306388258585,4.55950714961822,2.53402299255982,0.014096689927853,0.964363620971626,-3.32091527143138
"PPP1R16A",0.331229976516328,3.54753316195725,2.53251097276771,0.0141512203067965,0.964363620971626,-3.32276891868419
"XBP1",-0.319101269684821,4.39104863874288,-2.53211698203461,0.0141654607764526,0.964363620971626,-3.32325180126648
"KIAA0825",0.332982756323167,3.56038808126416,2.52927433693001,0.0142685912022717,0.964363620971626,-3.32673424613384
"PRMT8",0.297126044566173,6.94675557485398,2.52823718746318,0.0143063877374476,0.964363620971626,-3.32800414821804
"STC1",-0.497582107158616,2.93744071303932,-2.52695277628363,0.0143533208399084,0.964363620971626,-3.32957629665722
"RAPGEF3",0.330936766747128,4.04610022955803,2.52634566352154,0.0143755535762851,0.964363620971626,-3.33031922198128
"ERCC5",-0.359128926667361,4.00513368090573,-2.52547512797125,0.0144074873944347,0.964363620971626,-3.33138428046404
"UBALD2",-0.374216304463819,3.75636615229772,-2.52526801373396,0.0144150944107947,0.964363620971626,-3.3316376369745
"C1orf122",-0.295380992186148,3.95682375657481,-2.52368606837062,0.0144733171397154,0.964363620971626,-3.33357230255678
"FGFR1OP",-0.622564764525055,2.64542146900399,-2.52289959957586,0.0145023419113209,0.964363620971626,-3.33453381136063
"ILDR2",0.365923720897652,3.63619323386567,2.52198018143925,0.0145363400112108,0.964363620971626,-3.33565759319717
"JCAD",0.327447601031354,4.39618372554766,2.52136955865899,0.0145589593827473,0.964363620971626,-3.33640378361012
"GPC1",-0.41787670560054,3.85152285656984,-2.51969020643366,0.0146213322379339,0.964363620971626,-3.33845532481649
"PTPRD",-0.392069263587646,3.47522163824417,-2.51636909043914,0.0147453945204517,0.964363620971626,-3.34250966601185
"HIGD1C",0.351772598754303,3.09634951600641,2.51562738135218,0.0147732313139023,0.964363620971626,-3.34341461470844
"DPP7",-0.305686871307078,4.03288911465743,-2.51392544144604,0.0148372859871501,0.964363620971626,-3.34549041943694
"ERGIC3",-0.271978004037727,4.40807649778979,-2.50756875587202,0.0150787558803244,0.964363620971626,-3.35323474650013
"AVPR1A",-0.498102499337447,3.09440049163312,-2.50663638614737,0.0151144709226643,0.964363620971626,-3.35436948942907
"KLF5",-0.395601117964592,3.40781988831321,-2.50501821229562,0.0151766377811569,0.964363620971626,-3.35633818681132
"STYK1",-0.33805936371088,4.05966180349789,-2.50012477348338,0.0153660426620605,0.964363620971626,-3.36228617616492
"ZFYVE1",-0.323916142851984,3.531892805178,-2.49947599441717,0.0153913139981737,0.964363620971626,-3.3630741533963
"ZBTB5",-0.41976180967715,3.1439522966831,-2.49713359743471,0.0154828683235497,0.964363620971626,-3.36591792011915
"MCF2",-0.41942975119547,3.05088102450024,-2.49407832395598,0.015603025453342,0.964363620971626,-3.36962431918485
"LARP1B",-0.359326827610768,3.29033699775416,-2.49121518267465,0.0157163904245469,0.964363620971626,-3.37309472929942
"PRRT3",0.301516484544698,3.88494015809795,2.49036361204416,0.0157502512859672,0.964363620971626,-3.37412637320046
"MANEAL",0.292969014085724,3.62124883442243,2.48679279602829,0.0158929555830015,0.964363620971626,-3.37844955692406
"HSPB1",-0.372493737624727,4.7359217421367,-2.48663441788551,0.0158993119707792,0.964363620971626,-3.37864120348921
"ASRGL1",-0.453877854681167,3.0764062396763,-2.48552781890176,0.0159437885759176,0.964363620971626,-3.37998001000711
"PPP2R3C",-0.403390809494938,3.21851043983701,-2.48543772157581,0.015947414722708,0.964363620971626,-3.38008899467518
"ZNF8",0.386749697503458,3.24311792797361,2.48459142960003,0.015981511793767,0.964363620971626,-3.38111256046454
"KRT6A",0.31795751381695,3.77138116124683,2.48432430709274,0.0159922878065102,0.964363620971626,-3.38143558616432
"OR1D5",0.354297126048025,3.59006988029314,2.48387414926151,0.016010462505449,0.964363620971626,-3.38197989698987
"H2BW1",0.380121340785497,2.91260770135092,2.4816085471612,0.0161022174309318,0.964363620971626,-3.38471830062967
"MAT2A",-0.284194930828596,4.75980471382282,-2.48040411248276,0.0161511889718416,0.964363620971626,-3.38617336354233
"DIP2A",-0.359169048492507,3.65860660731966,-2.47739739475495,0.0162740272884762,0.964363620971626,-3.38980355481827
"RPL18",-0.225893163022031,6.63069032739252,-2.47724659860843,0.0162802101486009,0.964363620971626,-3.38998553775599
"RTL1",0.364959247079662,3.48052078300838,2.47659650563391,0.0163068891711461,0.964363620971626,-3.39076998914837
"NBPF6",-0.376822521483482,3.60562666074355,-2.4734367646255,0.0164371236895068,0.964363620971626,-3.39458068815413
"OR5L1",-0.253148086561294,5.86008260333388,-2.47318827849486,0.016447405185187,0.964363620971626,-3.39488021979324
"INSL3",-0.418507544540819,3.42457011825903,-2.47263049025285,0.0164705056591523,0.964363620971626,-3.39555251430385
"NADSYN1",0.310131157042303,3.95900935086455,2.47153699352505,0.0165158771202949,0.964363620971626,-3.3968701779203
"ZNF292",0.365437845780083,4.10880248081573,2.46860621306345,0.0166380377337854,0.964363620971626,-3.40039972292706
"FARP1",-0.291931133606924,4.14589802437901,-2.46724791659761,0.016694929968513,0.964363620971626,-3.40203451099022
"PTN",-0.469606007202335,2.86659752302763,-2.46711491134247,0.0167005103094932,0.964363620971626,-3.40219455602953
"GBP3",-0.27761144083671,4.0001043722717,-2.46699535078545,0.0167055280026528,0.964363620971626,-3.4023384178365
"PXMP2",-0.361291695980278,3.46740995205825,-2.46620284051707,0.0167388222891224,0.964363620971626,-3.40329188398837
"ADCY3",-0.383505759904712,3.8126794562753,-2.46582609585022,0.0167546707422582,0.964363620971626,-3.40374506754482
"C1QC",-0.45213139957277,3.91481038346453,-2.46369548846849,0.0168445534579952,0.964363620971626,-3.40630703168788
"CCNE2",-0.379632788166925,3.21582418628999,-2.46300321961607,0.0168738512156663,0.964363620971626,-3.40713911544719
"RBM11",0.382072394511569,3.57130879012862,2.4619887829512,0.0169168665133571,0.964363620971626,-3.40835813273297
"IRF2BP2",-0.318938403183554,3.94481960435935,-2.46051101777227,0.016979705229674,0.964363620971626,-3.41013327642888
"TMEM30A",-0.241675159213148,6.41219229777117,-2.45969564115105,0.0170144672981888,0.964363620971626,-3.4111124099312
"CSF2RA",-0.429409799104941,3.13364944972749,-2.45888459095944,0.0170491085175773,0.964363620971626,-3.41208611823992
"NDUFA2",-0.298663009902144,3.96286845911994,-2.45774010835098,0.0170980992557381,0.964363620971626,-3.41345973951498
"PTPRT",-0.449794440533027,2.92534745244026,-2.45727877126311,0.0171178830952554,0.964363620971626,-3.41401331244335
"SFRP2",-0.399587958328294,3.22911975643298,-2.45472694927977,0.0172276876128152,0.964363620971626,-3.41707398257231
"GSTM1",-0.302525459589015,3.79304264654807,-2.45450306896604,0.0172373513543336,0.964363620971626,-3.41734239744775
"SMIM23",-0.475069403658709,3.20624465597493,-2.45447308604104,0.0172386459309345,0.964363620971626,-3.41737834328581
"ID3",-0.294312086601059,4.73545728322944,-2.45433916134275,0.0172444294839831,0.964363620971626,-3.41753889868789
"FRZB",-0.399698556156214,3.50212657085309,-2.45355807152651,0.0172781957667262,0.964363620971626,-3.41847518208673
"MRPL33",-0.318200272185607,4.09461286844564,-2.45332850106513,0.0172881313460318,0.964363620971626,-3.41875032503397
"SPR",-0.330596079264045,3.5405039530513,-2.44581116078629,0.0176163301625454,0.964363620971626,-3.42774976236046
"CRYBA1",0.371547301134796,3.25256192095955,2.44568683230044,0.0176218050345391,0.964363620971626,-3.42789843674962
"LFNG",-0.376383267115989,3.99435892484233,-2.44524115853234,0.0176414431052019,0.964363620971626,-3.42843133746729
"CALHM2",0.271251462297197,4.10165519772853,2.44198455952857,0.0177855399620469,0.964363620971626,-3.43232320129584
"CHORDC1",-0.423408788038436,3.58578143558095,-2.44140866372576,0.0178111319142741,0.964363620971626,-3.4330110498154
"NUTM2G",0.267060614679965,4.94887093095766,2.4395779431077,0.0178927066214804,0.964363620971626,-3.4351968842804
"CALU",-0.248974389084606,4.58786152759982,-2.43928097643692,0.0179059707339758,0.964363620971626,-3.43555134403125
"B3GNT3",-0.390520910231861,3.20310062222694,-2.43868433128511,0.0179326468235734,0.964363620971626,-3.43626340665387
"JADE3",-0.470124114454837,2.38614059621947,-2.43825016633682,0.01795208086531,0.964363620971626,-3.43678147957491
"ADCK5",0.296071734740909,3.76005694326119,2.43806700955654,0.0179602849881275,0.964363620971626,-3.43700001388671
"ITGB3BP",-0.404700186805264,3.3449109531063,-2.43716941574873,0.0180005395946467,0.964363620971626,-3.43807081128084
"DCUN1D1",-0.330314303690939,4.06072708997661,-2.43493569201378,0.0181010683993436,0.964363620971626,-3.44073433356446
"CCT4",-0.347809581949722,3.69918444945773,-2.43476551590262,0.0181087478378537,0.964363620971626,-3.44093718185493
"TFCP2L1",-0.40195144480671,3.39196967493115,-2.43339320499723,0.0181707824617075,0.964363620971626,-3.44257259053987
"TMEM175",-0.427559987024087,3.4704265152182,-2.43326991769569,0.018176364945396,0.964363620971626,-3.4427194818572
"COL1A2",-0.292619319508503,5.31800229179913,-2.43168644502999,0.0182482022471914,0.964363620971626,-3.44460564266152
"TEX264",-0.296652983581423,3.87017924799516,-2.42970110761972,0.0183386314935547,0.964363620971626,-3.44696923744697
"MAPK3",-0.292572476927848,4.11924162075865,-2.42949051235358,0.0183482473941402,0.964363620971626,-3.44721987491026
"CRYL1",-0.344509081158693,3.58332630731199,-2.42328831224599,0.0186334831994393,0.964363620971626,-3.45459432660363
"CNTROB",-0.46731755050765,3.32064172672767,-2.42305590801256,0.0186442483607613,0.964363620971626,-3.4548703922693
"SLC25A23",-0.344505126634459,3.34658721963231,-2.4227563344197,0.0186581331065047,0.964363620971626,-3.45522621810761
"S1PR3",-0.319717117400202,4.34016103013246,-2.42010531551642,0.018781408879784,0.964363620971626,-3.45837364606878
"MMADHC",-0.265698559660781,4.33411912492966,-2.41951245105069,0.0188090777306582,0.964363620971626,-3.45907718516189
"BRMS1",-0.48929971435509,3.339754108208,-2.41910141115581,0.0188282823529905,0.964363620971626,-3.45956488397299
"TMEM165",-0.314284581989137,4.41755580575725,-2.41874735118305,0.0188448388724063,0.964363620971626,-3.45998492811105
"SH3TC1",0.321560066724572,3.34421904933959,2.41754411698048,0.0189012021565195,0.964363620971626,-3.46141207020055
"BTG2",-0.252200443199439,4.75891341608261,-2.41730647497606,0.018912351941809,0.964363620971626,-3.46169387391478
"TMEM108",0.413266975714813,3.44395451548504,2.41684527034469,0.0189340077851325,0.964363620971626,-3.46224072840006
"REX1BD",-0.308528366913526,3.62701706612658,-2.41676665086987,0.0189377015795978,0.964363620971626,-3.46233394069288
"NCAPH",-0.501417027036798,3.18997305561282,-2.41618129077041,0.0189652240190405,0.964363620971626,-3.46302788245789
"ALPL",0.410630749583166,3.61855406414115,2.41570483038196,0.0189876527227931,0.964363620971626,-3.46359263435704
"EMD",-0.31845913388591,4.25359592829852,-2.41483752007372,0.0190285412753314,0.964363620971626,-3.46462045665063
"MAP3K4",0.31052819096642,3.57689199424276,2.41173091988473,0.0191756485319612,0.964363620971626,-3.46829979934559
"GRPEL2",0.325637756075293,3.81702279438619,2.41109966931393,0.0192056647081607,0.964363620971626,-3.4690470100449
"THTPA",0.382930269302202,3.69504815970682,2.40785119952282,0.0193607983780008,0.964363620971626,-3.47288997942655
"KRTAP29-1",-0.37000776147585,3.27019732828462,-2.40424088702401,0.0195345305306725,0.964363620971626,-3.47715660409339
"CTNND1",-0.373060683407346,4.09854521048902,-2.40316134471169,0.0195867501723331,0.964363620971626,-3.4784314922369
"KRTAP12-2",0.314015666227342,4.0614555179022,2.40298674330317,0.0195952077472821,0.964363620971626,-3.4786376491518
"PRXL2B",-0.330338420272905,4.14521480244707,-2.40171215335911,0.0196570473189256,0.964363620971626,-3.48014226474529
"OR6B1",-0.367414320100432,3.15681030166485,-2.399613763464,0.0197592366908072,0.964363620971626,-3.48261808859663
"POLE3",0.306612383579528,3.7010769865672,2.39900065687477,0.0197891841196822,0.964363620971626,-3.48334117682221
"CERS5",-0.347400901385496,3.89770488825541,-2.39882386390612,0.0197978271965537,0.964363620971626,-3.48354965871132
"HMGN3",-0.327762523809719,4.21479209383742,-2.39579870326664,0.0199462469747362,0.964363620971626,-3.48711532738034
"DEFA4",0.427105473550343,3.16137868215208,2.39379338808097,0.0200451802050526,0.964363620971626,-3.48947712981144
"CDC42EP1",-0.31400999049276,4.12952926898449,-2.3915370218407,0.0201570247679756,0.964363620971626,-3.49213289150508
"OR51S1",-0.444151697198286,3.08497088503633,-2.39148135499629,0.0201597911406656,0.964363620971626,-3.4921983887868
"CDC40",-0.369090538563636,3.31087727050188,-2.39135081890358,0.020166279486737,0.964363620971626,-3.49235197243047
"RNF19B",-0.316371358797148,3.6243701839645,-2.39133692759906,0.0201669700694445,0.964363620971626,-3.4923683160347
"SAA2",-0.480796345432005,2.63683957752353,-2.3905889579609,0.0202041854153,0.964363620971626,-3.49324822627798
"OR2T27",-0.365284418888769,3.58970069928027,-2.39031027581506,0.0202180670143953,0.964363620971626,-3.49357601621257
"PWP2",-0.453196531900483,2.85285067736634,-2.38836821158989,0.0203150417953486,0.964363620971626,-3.49585952668502
"MAP2K6",0.555761845062641,3.35570331859681,2.38793767458189,0.0203365965152465,0.964363620971626,-3.49636557582812
"RBM10",-0.446730603267467,3.0734479613924,-2.38479444965303,0.0204945829298151,0.964363620971626,-3.50005807645473
"PGBD1",0.313385585643059,3.31623275227739,2.38424804408421,0.0205221585160335,0.964363620971626,-3.50069960382357
"NUP43",-0.279886520147999,3.74551167442432,-2.38364458536268,0.0205526520228817,0.964363620971626,-3.50140799183153
"ALG12",-0.479488738071838,3.62336126021751,-2.38340475562019,0.0205647821745851,0.964363620971626,-3.50168948677303
"CAPN14",0.348687701713325,3.65460235023241,2.38180953531479,0.020645628761318,0.964363620971626,-3.50356131558505
"TMA7",-0.192853656461871,7.6478543656187,-2.3813881917334,0.0206670301209796,0.964363620971626,-3.50405556662202
"PMM1",-0.336730388706224,3.26842525860502,-2.38114410144621,0.0206794373143269,0.964363620971626,-3.50434186400728
"RBM15B",0.300111167696005,3.87585679651113,2.38059643322662,0.0207072997464073,0.964363620971626,-3.50498415476287
"RPL41",-0.200392855996767,7.28883226388122,-2.38000550971532,0.0207374004636856,0.964363620971626,-3.50567705309387
"CST3",-0.285211354490929,5.64710891572551,-2.37861493749908,0.0208083886149514,0.964363620971626,-3.50730709831605
"DUSP19",-0.440517959805811,2.86825113003875,-2.37508902361882,0.0209893609420307,0.964363620971626,-3.51143709331237
"TSPO",-0.339174468558783,3.56770881907091,-2.37395843625219,0.0210476873453323,0.964363620971626,-3.51276043061096
"CAPN1",-0.350877311730223,3.83954235183154,-2.37359950060535,0.0210662349481852,0.964363620971626,-3.513180463495
"ZNF639",0.387573202038481,3.65257449526485,2.37228450883493,0.0211343106723656,0.964363620971626,-3.51471889298636
"ENO1",-0.296818932959129,4.5137989370761,-2.37221479162646,0.0211379253450828,0.964363620971626,-3.51480043881377
"RLIM",0.347253714520399,3.60825492111909,2.3718782254264,0.0211553832885942,0.964363620971626,-3.51519408406224
"FAM205A",-0.294966874354143,3.47545319365379,-2.37078896619032,0.0212119724397877,0.964363620971626,-3.51646779281944
"MSANTD2",-0.304206364691755,3.86090464557482,-2.37029568510624,0.0212376438691507,0.964363620971626,-3.51704446254542
"CASKIN2",-0.296022220753355,4.32616338600911,-2.36938922350543,0.0212848905754128,0.964363620971626,-3.51810393122519
"IGF2R",-0.267249477200691,4.7701654851946,-2.36883498431104,0.0213138249881644,0.964363620971626,-3.51875157743254
"PICALM",-0.265707826663161,5.28297441217531,-2.36877820184787,0.0213167913386333,0.964363620971626,-3.51881792328231
"FXYD2",-0.389156293524469,5.00092657539863,-2.36838581245043,0.0213373000925051,0.964363620971626,-3.51927636761424
"KRTAP1-1",0.313558017699249,3.51045048733144,2.3660756597836,0.0214584014145623,0.964363620971626,-3.5219742826753
"PUS10",-0.34740191940897,3.04770010156822,-2.36382086886928,0.0215771928155372,0.964363620971626,-3.52460568037151
"COQ5",-0.420497128211605,3.04650682374221,-2.36305944124539,0.0216174404390858,0.964363620971626,-3.52549386956553
"HNRNPUL1",-0.275324137920821,4.8741443781322,-2.36286301144377,0.0216278342291368,0.964363620971626,-3.52572296667371
"UNC5C",-0.463606558759487,3.27528725706613,-2.36094697667552,0.0217294528690401,0.964363620971626,-3.52795691435197
"TMEM241",-0.401736508712765,3.27752830751332,-2.35829192556735,0.021870971161454,0.964363620971626,-3.53105029623518
"TRPM7",-0.501739948410828,2.85668301331731,-2.35656508577821,0.0219634557766386,0.964363620971626,-3.53306085177731
"GOLGA8J",0.266734274562015,4.60420178295711,2.35653607678514,0.0219650123949214,0.964363620971626,-3.53309461762814
"CEBPG",0.316641138819736,3.96597628263515,2.35512026812892,0.0220411043615952,0.964363620971626,-3.53474221705944
"MTHFD2",-0.23331268997971,5.0540469447045,-2.35486893101174,0.0220546369383515,0.964363620971626,-3.53503462596654
"ADAM9",-0.326461117931419,4.48034472166585,-2.35417677537107,0.0220919425800227,0.964363620971626,-3.53583977020528
"BCO2",0.371108365476505,3.36852154816338,2.35032635102327,0.0223005024694407,0.964363620971626,-3.54031556184788
"SF3A1",-0.418784962126958,3.45413182507506,-2.34999188457747,0.0223187017097183,0.964363620971626,-3.54070409590072
"ZNF213",-0.285682771102092,3.85762576698057,-2.34856596147353,0.0223964389699536,0.964363620971626,-3.54236006687812
"PIGBOS1",-0.394995616452727,3.1501485580544,-2.34810543415146,0.022421597194687,0.964363620971626,-3.54289473394816
"MYO18A",-0.364640325049954,3.88468242914764,-2.34780085255592,0.022438250090757,0.964363620971626,-3.54324830729384
"ZSWIM8",-0.347175630147218,3.94924569567652,-2.34763578976405,0.0224472794553561,0.964363620971626,-3.54343990619481
"FAM89A",-0.337246490934072,4.03714914636686,-2.34715947642438,0.022473353221451,0.964363620971626,-3.54399273773878
"WWP2",-0.282938148786486,4.1483557435441,-2.34628866971364,0.0225210917611612,0.964363620971626,-3.54500322281004
"WDR45B",0.329775414605383,3.71113196800731,2.34429038890419,0.0226309819220101,0.964363620971626,-3.5473209840509
"HLA-A",-0.218870247352882,7.38206545351887,-2.34293959783007,0.022705535894289,0.964363620971626,-3.54888691058755
"NOTCH2",-0.286855087222674,4.47808100515199,-2.34099657938492,0.022813160891869,0.964363620971626,-3.5511382172315
"ATXN7L1",-0.373488516895753,3.52984667322085,-2.34018204377989,0.0228584137442793,0.964363620971626,-3.5520815802512
"CCM2L",-0.260635150105297,3.81417486644747,-2.33997853617298,0.0228697324357866,0.964363620971626,-3.55231723685546
"SNHG32",-0.25716445437767,4.54410495654454,-2.33889196476403,0.0229302500409212,0.964363620971626,-3.55357520238457
"ATP1B1",-0.223154010421145,5.67160777187864,-2.33659586294656,0.0230586036069965,0.964363620971626,-3.55623206661215
"GMNN",-0.345038126501735,3.26029960148665,-2.33551288469739,0.0231193648494886,0.964363620971626,-3.5574845318838
"APOBR",0.325075058575196,3.44418593265698,2.33535420814507,0.0231282794882394,0.964363620971626,-3.55766800536382
"CCNG1",-0.327762978353377,3.78936102610956,-2.33467187360954,0.0231666487971281,0.964363620971626,-3.55845686551296
"MAGEA3",-0.393587214442779,3.60775369002288,-2.33337397960669,0.0232397891707232,0.964363620971626,-3.55995691484441
"INO80",-0.480668078938528,3.12579057670512,-2.3332737778113,0.0232454444052106,0.964363620971626,-3.56007269803199
"CRYGS",-0.294408344684857,3.4899913618459,-2.33251356208002,0.0232883897834905,0.964363620971626,-3.56095100746675
"USP17L7",0.257509652924774,4.60822784157923,2.33201261728795,0.0233167273205498,0.964363620971626,-3.56152965433634
"DIP2B",-0.519505307666957,3.1047032127473,-2.3315799936258,0.0233412247853498,0.964363620971626,-3.56202930862446
"MAP4K4",0.289971597693211,4.40986485841118,2.33079491329649,0.0233857388278218,0.964363620971626,-3.56293585373955
"DCAF5",-0.350124742451836,3.64769396596656,-2.32972663879618,0.0234464314982787,0.964363620971626,-3.564169044421
"OR4D2",0.300752904971817,3.40442983681074,2.32607318289731,0.0236550603353563,0.964363620971626,-3.56838333866535
"HDHD2",-0.421810976123284,2.96326613804167,-2.3239550117371,0.0237767734525142,0.964363620971626,-3.57082442078017
"NDUFA4",-0.304170047450577,4.32707986485417,-2.32172305707089,0.0239056280198511,0.964363620971626,-3.57339484576548
"MAP3K2",-0.280593003679022,4.076075426269,-2.3210183321459,0.0239464419803644,0.964363620971626,-3.57420605936751
"CTBP1",-0.33951996248792,4.27455210549514,-2.31909544618358,0.0240581212386296,0.964363620971626,-3.57641857536436
"HDHD5",-0.327147334998456,3.49655549954098,-2.3188186677811,0.0240742343676792,0.964363620971626,-3.57673693062188
"HIPK3",-0.291563041922934,4.57142878684545,-2.31840302508475,0.0240984497684794,0.964363620971626,-3.57721495690131
"GHRL",0.341991429187618,3.64766977876743,2.31599589132425,0.0242391166303072,0.964363620971626,-3.57998212266727
"COQ8B",0.265794160684675,3.85365621712141,2.31406881287037,0.0243522565371199,0.964363620971626,-3.58219589022559
"NDUFS7",-0.378422417452496,3.57666422095213,-2.31192249900382,0.0244788208957251,0.964363620971626,-3.58465989355018
"TUBB1",-0.321942996328777,3.62092622364978,-2.31191421389264,0.0244793105860804,0.964363620971626,-3.58466940169363
"OR2A5",0.365143279688459,3.31393658138482,2.31170221753766,0.0244918435667119,0.964363620971626,-3.58491268391137
"TRMT1L",-0.355217635913114,3.73691003512133,-2.3115655910648,0.0244999237917239,0.964363620971626,-3.58506946455217
"SPIN1",-0.280916317982595,4.1111865010554,-2.31118683519948,0.0245223361920018,0.964363620971626,-3.5855040557011
"TMEM208",-0.348940128982612,3.52412034252066,-2.30909238041448,0.0246466025560592,0.964363620971626,-3.58790631185981
"MEF2D",-0.281070269054442,4.65136947885439,-2.30850029682134,0.0246818329543444,0.964363620971626,-3.58858511380585
"USP8",-0.385916820984604,3.51117159743535,-2.3083924320104,0.0246882559915659,0.964363620971626,-3.58870876284751
"FABP6",-0.345323192153903,3.25790878409626,-2.30819687530957,0.0246999046182205,0.964363620971626,-3.58893292505168
"OR3A2",0.420213847337847,3.23800836782039,2.30780954726704,0.0247229908222431,0.964363620971626,-3.58937686858914
"MAU2",-0.351702961410282,3.24395686855801,-2.3075188908404,0.0247403276382402,0.964363620971626,-3.58970997359293
"OR2H1",-0.39438916466337,3.08251239293006,-2.30618223982153,0.0248201942858021,0.964363620971626,-3.59124143137766
"BHLHE41",0.358366909147946,3.56603749864041,2.30569198838661,0.0248495448717748,0.964363620971626,-3.59180296731757
"PCF11",-0.289473554959429,3.93185697534046,-2.30537652191597,0.0248684476720712,0.964363620971626,-3.59216425676281
"ALKBH7",-0.326842933872487,3.81178336213476,-2.30521857507046,0.0248779166745466,0.964363620971626,-3.59234513226505
"ZNF513",-0.381500716140059,3.25920363761601,-2.30490617820663,0.0248966544847694,0.964363620971626,-3.59270285158365
"TMBIM6",-0.345010400944383,5.58905897965063,-2.30392584728673,0.0249555370139409,0.964363620971626,-3.59382517370991
"HNF1A",-0.365821052318868,3.17881686366416,-2.30211154018236,0.0250648381373638,0.964363620971626,-3.59590132483154
"GPR21",0.335798460310078,3.42493137050043,2.30177295843621,0.0250852827131497,0.964363620971626,-3.59628863605118
"CDV3",-0.272040681745422,4.44744972623239,-2.30131292661561,0.02511308456019,0.964363620971626,-3.5968148085356
"POGZ",-0.329685218106164,3.66073738172015,-2.30068818745519,0.0251508842860155,0.964363620971626,-3.59752924320642
"LTBP4",-0.356216910796436,4.20897888897497,-2.29889785264241,0.0252594884276237,0.964363620971626,-3.59957581834872
"CDH13",0.339232240598527,4.06091743482719,2.29857088549402,0.0252793676463099,0.964363620971626,-3.59994945382098
"ZNF792",0.294265505244008,3.8050409178049,2.29843939483839,0.0252873660429056,0.964363620971626,-3.60009970105785
"LTBP1",-0.362578687452031,3.5419770323996,-2.29618430838339,0.0254248903207474,0.964363620971626,-3.6026754655578
"FNBP4",-0.316060942262195,4.25440116699674,-2.29390273552456,0.0255647057201177,0.964363620971626,-3.60527955769837
"TGFBI",-0.300523827832565,3.50752229770427,-2.29388548878996,0.0255657652004919,0.964363620971626,-3.60529923502375
"E2F4",-0.27909563708485,3.96254901461234,-2.29207850070516,0.0256769862385796,0.964363620971626,-3.60736026904176
"SCN9A",-0.380152550354679,3.05424451351301,-2.29206750440653,0.0256776643798569,0.964363620971626,-3.60737280759579
"COX19",-0.437345420828388,3.13623824249379,-2.2918523120107,0.0256909384878291,0.964363620971626,-3.60761817213735
"LRRFIP1",-0.302750217623577,4.87842547237468,-2.2909433069012,0.0257470775887329,0.964363620971626,-3.60865443853775
"ZNF709",0.289273488242335,3.45290276030792,2.28969118147359,0.0258245857799942,0.964363620971626,-3.61008135798564
"SYNJ1",-0.368334161864697,3.45627642645785,-2.28861118352864,0.0258916054039112,0.964363620971626,-3.6113116517098
"PAPPA",-0.530581170909725,2.52593991104227,-2.28838236528938,0.0259058246034074,0.964363620971626,-3.61157225713009
"TCEAL7",0.402809673493763,3.06284379156442,2.28716177005258,0.0259817919020773,0.964363620971626,-3.61296208605617
"PHKB",-0.36003681253775,3.77907382816867,-2.2864760765736,0.0260245547305078,0.964363620971626,-3.61374260596189
"MPV17L",0.274007076098108,3.77627062069053,2.28643656654918,0.0260270206501549,0.964363620971626,-3.61378757458707
"KIAA1143",-0.259500861453069,4.25503334699341,-2.28432674707652,0.0261590013924559,0.964363620971626,-3.61618803436204
"POMZP3",0.229732904804099,4.97500906445191,2.2839012668536,0.0261856893653137,0.964363620971626,-3.6166719255393
"KRTAP9-3",-0.379097923422552,3.41140714735893,-2.28047128419269,0.0264017168397164,0.964363620971626,-3.62057031241904
"GJC2",0.290786672592868,4.32644897381371,2.28029598746082,0.0264127997423783,0.964363620971626,-3.62076942976455
"HNRNPA0",-0.290935096859428,4.51830670735484,-2.2799847710194,0.0264324861568357,0.964363620971626,-3.62112290825997
"DNM3",-0.367934782991862,3.79343796076216,-2.2788848693897,0.0265021662511414,0.964363620971626,-3.62237188201202
"PEX2",-0.342211893647407,3.36267787618266,-2.27878331496059,0.0265086080561578,0.964363620971626,-3.62248717749879
"EFHD1",-0.345346965869039,3.98531698556416,-2.27836174272984,0.0265353640970238,0.964363620971626,-3.62296575024582
"RAB6B",0.509651145246282,3.03568450285545,2.2779641069453,0.0265606229069868,0.964363620971626,-3.62341708911581
"CRHR2",-0.455887368854077,2.92038846829899,-2.27750586245293,0.0265897581801804,0.964363620971626,-3.62393714880597
"NPBWR2",0.310104741682598,3.20538243076702,2.27713478601607,0.026613372058915,0.964363620971626,-3.62435822420177
"CDK5R1",0.371988304564025,3.18707803622957,2.27654288684233,0.0266510767445005,0.964363620971626,-3.62502976927367
"GHITM",-0.312182173765335,3.89733116507345,-2.27545650621485,0.0267204037790833,0.964363620971626,-3.62626199150042
"SAP30BP",-0.292677665649442,3.85607849539427,-2.27539331140733,0.0267244414530809,0.964363620971626,-3.62633365630291
"ZSWIM4",0.304518940256444,3.67897139381171,2.27339158502108,0.0268526170520157,0.964363620971626,-3.62860289883641
"C16orf96",0.319226719236152,3.28168294880115,2.27303548376336,0.0268754761345562,0.964363620971626,-3.62900643294168
"RRAGD",-0.360978646628382,3.08666738963587,-2.27139900749957,0.0269807478380266,0.964363620971626,-3.63086027663258
"BABAM2",0.307069812248026,3.97238048937419,2.270928937987,0.0270110541016607,0.964363620971626,-3.63139259794685
"EIF2B4",0.301851834401507,3.73799316386821,2.26807682954311,0.0271955826525339,0.964363620971626,-3.63462063427532
"CEBPB",-0.35454219356683,3.6230410999712,-2.26649147653559,0.0272986357170352,0.964363620971626,-3.63641362564608
"COQ10B",-0.275925308182696,3.76099511275914,-2.26289505040623,0.0275336987010515,0.964363620971626,-3.64047758002182
"PIP5K1C",-0.231858377380584,4.1268319787242,-2.26250375229305,0.0275593818392105,0.964363620971626,-3.64091945232298
"CGN",-0.454536116943077,2.88353044857302,-2.26188614178232,0.0275999623330258,0.964363620971626,-3.64161676988008
"HBA2",0.854414381101691,5.60518529103489,2.26111864862313,0.027650464697902,0.964363620971626,-3.64248311320011
"PTGES2",-0.292446810684312,3.64517035440931,-2.25947032651576,0.0277592038055893,0.964363620971626,-3.6443429822227
"ZFP28",-0.397080893565043,3.45565836419502,-2.25806150004114,0.0278524434206534,0.964363620971626,-3.64593180629969
"MEA1",-0.379248609089982,3.69880598267923,-2.25762014685888,0.0278817102451048,0.964363620971626,-3.64642939455524
"DUSP16",0.249957266579676,3.84583089970126,2.2571231910367,0.0279146967506057,0.964363620971626,-3.64698958206439
"STX1B",0.2067813908297,4.38488499344035,2.25575712733258,0.0280055502192722,0.964363620971626,-3.64852898058885
"USH1G",0.336303350170949,3.39165688210297,2.25494635990362,0.0280595960042749,0.964363620971626,-3.64944229003219
"ABL1",-0.356110348418706,3.83299005443751,-2.25471509386553,0.0280750291174361,0.964363620971626,-3.64970275997746
"TRPV1",-0.408091287643812,2.66369987270645,-2.25211759254889,0.0282488852899712,0.964363620971626,-3.65262688098952
"SLC12A1",-0.432906362240023,3.4183385089436,-2.25139278486714,0.0282975678629822,0.964363620971626,-3.65344237345357
"DNLZ",-0.393087194617029,2.90726402898419,-2.25102085093142,0.0283225780553412,0.964363620971626,-3.65386076498349
"C17orf99",0.320096525701053,3.87304106874513,2.25029683455838,0.0283713196453004,0.964363620971626,-3.65467506680112
"IL1RN",-0.410928258156787,3.22134183070418,-2.25015564684908,0.0283808332009043,0.964363620971626,-3.65483383761958
"CA1",-0.399860876858707,3.21529299044728,-2.24919161673862,0.0284458672395666,0.964363620971626,-3.65591772358851
"MIEF2",-0.269134009385137,3.47552213430625,-2.24806663485041,0.0285219258188962,0.964363620971626,-3.65718212719837
"MUC22",0.26373730501403,3.6537131745432,2.24786316855596,0.0285357011046578,0.964363620971626,-3.65741075837346
"MCAM",-0.31223854346745,3.83589413999921,-2.24739007803751,0.0285677535178637,0.964363620971626,-3.65794230049191
"FSIP2",0.392183529537252,3.06274253099045,2.24591372004214,0.0286679832401501,0.964363620971626,-3.65960052114905
"NPTN",-0.268529443241286,4.85514663178027,-2.24585623724893,0.0286718920199665,0.964363620971626,-3.65966506815295
"RIOK2",-0.252356124175918,3.79853223087582,-2.24556240988741,0.0286918793863128,0.964363620971626,-3.65999498515922
"PLS3",-0.299653628969374,4.37858366170183,-2.24406624348957,0.028793846090766,0.964363620971626,-3.66167441192554
"FAM47B",-0.421047063750076,3.44308402209979,-2.24384028801654,0.0288092732178706,0.964363620971626,-3.66192797012235
"KBTBD7",-0.367729787090095,3.22466893753787,-2.24186803144582,0.0289442397342898,0.964363620971626,-3.66414033497184
"IFITM1",-0.222002741337206,6.54756162241402,-2.24123944798719,0.0289873725884822,0.964363620971626,-3.66484513371148
"PQBP1",0.338549649993292,3.44192377038327,2.23561867387501,0.0293755973622238,0.964363620971626,-3.67114074852685
"DNAJC3",-0.339023722737202,4.05336088774974,-2.2352779139137,0.0293992805186388,0.964363620971626,-3.67152203447741
"PDPK1",-0.239166051278604,3.94553974717017,-2.23423671405766,0.0294717494788152,0.964363620971626,-3.67268678856974
"PPP2R1A",-0.287394445041243,4.5854144798415,-2.23137787430374,0.0296715406765924,0.964363620971626,-3.67588275014443
"REXO1",0.287471222246614,4.43181148436639,2.23087061723857,0.0297071152064609,0.964363620971626,-3.67644949896881
"RORA",-0.300313167427962,3.34844365996457,-2.22968902015172,0.0297901280588639,0.964363620971626,-3.67776929486746
"SMLR1",-0.322171535006808,3.41056217124863,-2.22946821383155,0.0298056634511451,0.964363620971626,-3.67801586750428
"NLGN2",-0.280300423133375,3.82845849255304,-2.22794946746474,0.0299127126462756,0.964363620971626,-3.67971133539131
"USP43",0.371238160368236,2.99175476248381,2.22726769703214,0.029960877665434,0.964363620971626,-3.68047215047133
"SCGB3A1",0.284950380958924,3.68888173231557,2.22719095708947,0.029966303394196,0.964363620971626,-3.68055777655442
"H2AP",0.43340692205492,2.82542873030437,2.22643172391607,0.030020030056695,0.964363620971626,-3.68140480435982
"EFNB1",-0.255164820554799,4.80919291732811,-2.22330132139425,0.0302424499589391,0.964363620971626,-3.68489486846366
"RPRD2",-0.297189853049413,4.08354986463083,-2.2217082015701,0.0303562008528239,0.964363620971626,-3.68666958859885
"VPS35L",-0.257205970825429,4.35887758454562,-2.22067521505556,0.0304301590294017,0.964363620971626,-3.68781980682738
"TEX22",-0.344647337921479,3.31075475078773,-2.21879656786215,0.0305650709647925,0.964363620971626,-3.68991061151495
"PLD2",-0.300123998969428,3.89572664451028,-2.21790877486414,0.0306290096884885,0.964363620971626,-3.6908981936782
"ZEB2",-0.212101520137344,5.24118172575455,-2.21677327831263,0.0307109598675929,0.964363620971626,-3.69216088158817
"FZD7",-0.365378511490237,3.33824782369428,-2.21661724248429,0.0307222362603107,0.964363620971626,-3.6923343569843
"MCRIP2",0.284688172922198,4.53058769200335,2.21617941262657,0.0307538968314345,0.964363620971626,-3.6928210716989
"C20orf194",-0.377806892602791,3.45826156742244,-2.21602203258559,0.0307652844021372,0.964363620971626,-3.69299600568431
"TGM2",-0.254053145800479,5.15722127996344,-2.2147063132504,0.0308606316426123,0.964363620971626,-3.69445810695027
"DLL3",-0.463711821118308,3.39370671325713,-2.21459546758304,0.0308686762653932,0.964363620971626,-3.69458125456849
"NDRG2",-0.262234171922206,4.92665111387176,-2.21450070753756,0.0308755549400024,0.964363620971626,-3.69468652760312
"TMEM120B",-0.264921180054667,3.56678103626954,-2.21366003425101,0.0309366389855995,0.964363620971626,-3.69562031711583
