8T	AV1	AV2	B	C1	C2	D	DV	G	GE	H	IN12	IN2	IN5	M	MNP1	MNP2	MNP3	MST	N1	N3	N5	N6	N8	NK1	NK2	NKT1	NKT2	NP	P	PDC	PT1	PT2	PT3	Th	Group
0	4.590400991	1.210882419	0.135515222	0.03014338	0	0.013245922	3.563224418	1.687067015	1.102573181	0	0	0	0	6.994867121	0.203348254	0.364319556	0.455683964	0.01936343	0	0	0	0	3.437010444	0	1.020357317	0	0	0	0.115135915	0.175370013	0	0	0	0	Group1
0	4.066220938	0.430753094	0.372140155	0	0	0	2.573072466	4.02839539	1.663471125	0	0	0	0	6.712015152	0.842299533	0.789700418	0.078345237	0.006733918	0	0	0	0	2.550982827	0.169570166	1.093930519	0	0	0.165869037	0	0.096706634	0	0	0	0	Group1
0	5.240171593	1.388941848	0.386017921	0	0	0	3.921666638	3.155019893	1.988343078	0	0	0	0	7.229614275	0.723146265	0.556031147	0.379342791	0.013083442	0	0	0	0	2.499945547	0	1.023429259	0	0	0.216795808	0	0.149839233	0	0	0	0	Group1
0	5.246793756	0.809892197	0.430380608	0	0	0	3.768661438	3.06097219	1.20249126	0	0	0	0	6.929793043	0.523455587	0.643717991	0.373392954	0.007173367	0	0	0	0	3.592916257	0	1.070342778	0	0	0.16073818	0.164238782	0.217532387	0	0	0	0	Group1
0	3.507029991	2.309727978	0.291573611	0	0	0	5.08999872	2.341710814	1.754423639	0	0	0	0	6.372360328	0.342166193	1.011874082	0.628834343	0.020733427	0	0	0	0	3.466427345	0	1.115738243	0	0	0	0.047184362	0.122538956	0	0	0	0	Group1
0	3.368339375	1.269551566	0.449764109	0	0	0	1.925553802	2.148198109	1.855879292	0	0	0	0	9.374576657	0.273094131	0.41578235	0.114592329	0.010600094	0	0	0	0	3.522085825	0.130802933	0.895979966	0	0	0	0.042666338	0.109753397	0	0	0	0	Group1
0	4.819090598	1.387184772	0.410216755	0	0	0	4.269948979	2.285266674	1.734632492	0	0	0	0	6.794602886	0.61320102	0.631197362	0.475540966	0.005368862	0	0	0	0	3.268164723	0	1.082664818	0	0	0.12395069	0.014257712	0.129088094	0	0	0.038888149	0	Group1
0	3.342649537	1.18114061	0.392818402	0	0	0	3.262894015	5.512347479	1.409210929	0	0	0	0	7.091234371	0.616965112	0.600973778	0.050214353	0.012900964	0	0	0	0	3.43219903	0	0.768825019	0	0	0.211451903	0.006748168	0.068334983	0	0	0	0	Group1
0	3.749759893	0.926025785	0.418153629	0	0	0	3.276837496	4.454234424	1.90444942	0	0.007157259	0	0	7.140190595	0.69185393	0.396120531	0.116766242	0.003267667	0	0	0	0	2.079357543	0	0.718436655	0	0	0.188074308	0.011823009	0.080479102	0	0	0	0	Group1
0	4.334017106	1.210280932	0.289183103	0	0	0	3.663777648	1.655233546	1.820618376	0	0	0	0	6.214886314	0.482385367	0.655670435	0.652778263	0.000307577	0	0	0	0	2.269846572	0.010331751	1.041533895	0	0	0	0	0.158866682	0	0	0.052576278	0	Group1
0	4.269220737	1.009287557	0.373532291	0	0	0	3.317625141	3.030538011	1.024907316	0	0	0	0	6.977435891	0.455371073	1.136787209	0.540241635	0.023493595	0	0	0	0	2.365447306	0.218423415	0.893760506	0	0	0	0.031834689	0.095222129	0	0	0	0	Group1
0	2.685673355	1.299305046	0.249230703	0	0	0	3.815793309	1.382679632	1.972618162	0	0	0	0	4.894805012	0.041499667	0.479321832	0.552669283	0.001978775	0	0	0	0	3.017030308	0	0.994103636	0	0	0.549151272	0.073783921	0.112984559	0	0	0.166637017	0	Group1
0	3.831534584	0.671597652	0.304500926	0	0	0	3.680750714	2.409470803	1.663998065	0	0	0	0	5.343370632	0.824396689	1.210398798	0	0.0202179	0	0	0	0	3.598398377	0.203986045	0.893504681	0	0	0	0	0.236770691	0	0	0	0	Group1
0	3.243413946	1.400627556	0.562064696	0.016172636	0	0	3.798441333	2.703995086	1.947758575	0	0	0	0	5.326884532	0.576755515	0.399374684	0.037532286	0.00905363	0	0	0	0	1.895943614	0.149421613	1.170279797	0	0	0.543622363	0.225792166	0.10535294	0	0	0	0	Group1
0	3.672346931	0.462537659	0.220906568	0	0	0	4.699981541	2.608639419	1.561932303	0	0.001688645	0	0	4.433779166	1.048918674	0.911595742	0	0.010147337	0	0	0	0	1.787920058	0.302441742	0.762690291	0	0	0.028269327	0.033224588	0.078315696	0	0	0	0	Group1
0	4.116380019	0.743218627	0.439134527	0.004177277	0	0.038896255	3.724839169	1.786060937	1.734625722	0	0	0	0	5.52635733	0.798835842	1.190677083	0.19403708	0.014376989	0	0	0	0	2.939941916	0.137926869	1.19158219	0	0	0.772083511	0	0.1208583	0	0	0	0	Group1
0	3.779111328	1.004177278	0.602476119	0	0	0	3.454766921	2.36347004	1.57358208	0	0	0	0	5.741384413	0.542454697	0.535374734	0.062401833	0.004110303	0	0	0	0	3.778034905	0.010981076	1.395514293	0	0	0.733665496	0.135295495	0.213206495	0	0	0.009749542	0	Group1
0	2.676066493	0.938709589	0.57056014	0	0	0	4.567350174	1.989507956	1.001631592	0	0	0	0	4.567266699	0.66995235	0.378614288	0.22757703	0.001784813	0	0	0	0	2.703931002	0	1.320909521	0	0	1.157468695	0.118834101	0.251700001	0	0	0	0	Group1
0	3.237046599	1.200503559	0.379438252	0	0	0	3.701335942	3.09903115	1.867986957	0	0	0	0	4.709862987	0.327303821	0.610437045	0.405526683	0.013904836	0	0	0	0	3.30932208	0	1.082824417	0	0	0	0.012659798	0.083636188	0	0	0.016024899	0	Group1
0	1.991791512	1.295224714	0.237706649	0	0	0	2.290647785	1.305073671	1.501339722	0	0	0	0	6.084088974	0.504443331	0.75878504	0.294770755	0.019380221	0	0	0	0	3.223246141	0	1.151895941	0	0	0.296127739	0.37567342	0.064137456	0	0	0.258520506	0	Group1
0	3.402582158	0.936562919	0.155700373	0	0	0	4.965050206	2.871783221	1.599967373	0	0	0	0	4.464189583	0.218802545	0.752133546	0.109266578	0.012362948	0	0	0	0	3.358409126	0	0.955625883	0	0	0	0.194660856	0.229607057	0	0	0.030850379	0	Group1
0.101011456	3.573755339	0.97922598	0.341577216	0	0	0	3.814028056	1.721660136	1.55744619	0	0	0	0	3.799072402	0.893510941	1.378050923	0.216380861	0.007122848	0	0	0	0	2.015986308	0	1.156356986	0	0	0	0.070623588	0	0	0	0	0	Group1
0	2.708702558	1.028885947	0.300192014	0	0	0	4.193004763	2.094241241	2.282504865	0	0	0	0	4.593696479	0.690422709	0.367058037	0.310177631	0.009499431	0	0	0	0	2.476479353	0	0.781496003	0	0	0.315940184	0.132300697	0.233946274	0	0	0.038939306	0	Group1
0	2.49930231	0.964051585	0.257731757	0	0	0	4.449330049	3.188409862	1.603385905	0	0	0	0	5.462947188	0.486827213	0.302784877	0.15623408	0.008442996	0	0	0	0	1.428482971	0.012831827	0.717293911	0	0	0.364166408	0	0.084469348	0	0	0	0	Group1
0	4.14046215	0.574311251	0.285560511	0	0	0	5.491064241	3.24920952	1.786613335	0	0	0	0	5.692101842	0.764037473	0.433742686	0.375696289	0.012321947	0	0	0	0	2.289848812	0.526133095	0.871759472	0	0	0.060082691	0	0.187214124	0	0	0	0	Group1
0	3.695858411	1.585089684	0.204472649	0	0	0	4.233245256	3.444476375	2.041114348	0	0.03575483	0	0	6.421045292	0.436016115	0.66410071	0.240676765	0.000997528	0	0	0	0	2.133899654	0	0.952551174	0	0	0.407163251	0	0.068173222	0	0	0	0	Group1
0	4.321318439	1.018462255	0.622475279	0	0	0	3.180870618	3.600577715	1.64914467	0	0	0	0	7.722506861	0.575476648	0.395543	0.390137929	0.021463589	0	0	0	0	3.680572889	0	1.264243811	0	0	0.441161258	0.156155005	0.156882003	0	0	0	0	Group1
0	3.741089167	1.198932939	0.314742104	0	0	0	3.16284319	3.472111142	2.240301256	0	0	0	0	8.374839223	0.253911261	0.347440481	0.192232749	0.011742384	0	0	0	0	3.362613671	0	1.13204948	0	0	0	0	0.249128555	0	0	0	0	Group1
0	4.467640554	0.87036156	0.475167383	0	0	0	5.056856983	3.242393047	1.130234314	0	0	0	0	6.820779272	0.90041199	0.56368719	0.414564178	0.005597774	0	0	0	0	2.504133121	0	0.951423685	0	0	0.63415402	0.109200135	0.162554637	0	0	0	0	Group1
0	4.153523644	0.778907529	0.412024559	0	0	0	3.819618548	3.967743888	1.481993486	0	0	0	0	7.02482822	0.399044596	1.822670032	0.162578189	0.0134092	0	0	0	0	4.040471869	0	1.211190605	0	0	0.084200519	0	0.284850574	0	0	0.066263328	0	Group1
0	4.629465444	0.706634218	0.640794766	0	0	0.06523021	3.145217221	3.250598252	1.964739623	0	0	0	0	5.870691794	0.438010293	0.639688812	0.407781978	0.020767454	0	0	0	0	3.671291852	0.109188665	1.24417593	0	0	0	0	0.148275038	0	0	0.064061225	0	Group1
0	4.296532866	1.119744383	0.461365447	0	0	0	3.271025332	2.920232522	1.730955883	0	0	0	0	7.454064129	0.592773946	0.578972535	0.783627971	0.017452894	0	0	0	0	4.800217412	0.045296973	1.528286983	0	0	0.30639475	0.585176349	0.367155602	0	0	0.738236207	0	Group1
0	4.86417316	0.66490065	0.078407333	0	0	0.075109449	2.710563196	1.329823179	1.337438283	0	0	0	0	5.73733969	0.273397331	0.67290601	0.766383831	0.017743663	0	0	0	0	3.543065004	0	1.334700702	0	0	0	0	0.119825669	0	0	0.548568826	0	Group1
0	4.514464176	1.591965906	0.389137563	0	0	0	2.768690877	1.096807986	1.303644201	0	0	0	0	7.632316451	0.056134074	0.45690224	0.751042163	0.024775183	0	0	0	0	5.039521931	0	1.37870187	0	0	0	0.416628074	0.241416076	0	0	0.905253421	0	Group1
0	4.722800037	1.048888133	0.508756197	0.109694193	0	0	2.792690838	2.373739603	1.176984619	0	0.186718161	0	0	7.811971946	0	0.428150196	0.620034541	0.028117601	0	0	0	0	5.150565057	0	2.003129257	0	0	1.046476517	0.457160689	0.290998918	0	0	0.359072003	0	Group1
0	4.506907	1.557451123	0.636839148	0.09457668	0	0	4.061275799	2.564483521	1.226838419	0	0	0	0	6.851803511	0.150137318	0.613802692	0.501158113	0.024958057	0	0	0	0	4.653357888	0	1.462281571	0	0	0.323337892	0	0.147998004	0	0	0.038372115	0	Group1
0	1.651220148	0.932116175	0.333214201	0.130130442	0	0	2.768756704	2.396668402	0.736731307	0	0	0	0	4.664706047	0.246315784	0.837939562	0.07533713	0	0	0	0	0	3.684347856	0	1.190233267	0	0	0.046837264	0	0.111212983	0	0	0	0	Group1
0	5.069898122	0.564689007	0.272792237	0.018162785	0	0	3.465921482	2.49253949	1.105185833	0	0	0	0	6.668768189	0.497405579	1.071778759	0.23573788	0.014576233	0	0	0	0	3.709633618	0	1.499286997	0	0	0	0.27321581	0.384444578	0	0	0.258931872	0	Group1
0	2.851402166	1.440864957	0.330832833	0	0	0	4.67363821	2.54552575	1.737114818	0	0	0	0	7.416719803	0.536441491	0.841477372	0.544950647	0.012008213	0	0	0	0	2.597653986	0.17443964	0.896219397	0	0	0.450447308	0.097591008	0.113787471	0	0	0	0	Group1
0	5.715928218	0.837863893	0.407544604	0	0	0	3.211872049	2.153825569	1.980365084	0	0	0	0	6.662041527	0.34408517	0.523911813	0.625817771	0.016884489	0	0	0	0	2.015062703	0	0.797885345	0	0	0.064595743	0	0.158505161	0	0	0	0	Group1
0	4.773215042	0.650918993	0.35959534	0	0	0	2.753182181	4.142069957	1.300518231	0	0	0	0	8.273900098	0.250519143	0.727349131	0.238504107	0.011079712	0	0	0	0	2.089004956	0	0.811462338	0	0	0	0	0.209305099	0	0	0	0	Group1
0	2.7068595	0.897610175	0.316191132	0	0	0	4.796546841	2.242599651	1.177907242	0	0	0	0	5.867169392	0.67695307	0.555060317	0.47672696	0.020776304	0	0	0	0	2.71960994	0.181381983	1.058549129	0	0	0	0.109857801	0.122624674	0	0	0	0	Group1
0	5.757221024	1.360954759	0.432601949	0	0	0	4.079724114	3.42436873	0.781040965	0	0	0	0	6.075475337	0.383807389	0.787496974	0.552798447	0.024692739	0	0	0	0	4.187421318	0.029919251	1.158563154	0	0	0.830728748	0	0.181682972	0	0	0	0	Group1
0	4.386695018	1.361499539	0.55644402	0	0	0	2.642256794	3.058249236	1.504682645	0	0.104666464	0	0	7.242609772	0.215790573	0.298834854	0.438098519	0.012646582	0	0	0	0	3.963027068	0	1.366500035	0	0	0.532109867	0	0.252480596	0	0	0.434697433	0	Group1
0	7.15000946	0.673611018	0.684883059	0	0	0	3.477689321	3.951260935	0.951122196	0	0	0	0	7.381331215	0.213991849	0.323040746	0.701262911	0.015010226	0	0	0	0	3.880285015	0	1.267713531	0	0	0.297008115	0	0.201872299	0	0	0.062376498	0	Group1
0.010985127	3.818546231	0.977556051	0.47330355	0	0	0	4.555995153	2.859404894	1.641549942	0	0	0	0	6.672579046	0.356225397	0.903823571	0.492989671	0.001446223	0	0	0	0	2.811843802	0	1.0670963	0	0	0	0.012054048	0.01277193	0	0	0.06040744	0	Group1
0	5.396285142	1.137898046	0.389669905	0	0	0	3.541408245	3.995968267	1.378114096	0	0	0	0	8.215109338	0.134155564	0.613783524	0.293094101	0.013073831	0	0	0	0	4.536765656	0	1.650687955	0	0	0	0	0.268225626	0	0	0.126674553	0	Group1
0	0.831768313	0.211017042	0	4.769630993	0	12.41672346	0.034920872	0	0.302823767	0	0	0	0	1.390719442	0	0.048387215	0.088108107	0.005774565	0	0	0	0	6.305215087	0	0.20748382	0	0	0	0.962200835	0.11023018	0	0	0	0	Group1
0	0.287053402	2.090103951	0	2.048841734	0	1.276303903	0.18157824	0	0.100025022	0	0	0	0	2.289585055	0.142373389	0.249326478	0.596754913	0	0	0	0	0	4.416561205	0	0.007168928	0	0	0	0.358351866	0.148169557	0	0	3.739820768	0	Group1
0	0.603089486	0	0	3.054894902	0	14.10562946	0.059616167	0	0.223743299	0	0	0	0	2.525199413	0	0	0	0	0	0	0	0	5.448648718	0	0.279443867	0	0	0	0	0.338651956	0	0	0	0	Group1
0	0.613045435	0.968496539	0	1.067653597	0	1.221013321	0.219594816	0	0.107103953	0	0	0	0	2.101191041	0.105971156	0	0.059109962	0	0	0	0	0	5.728279884	0	0.263381247	0	0	0.090716842	0.028453213	0.248079282	0	0	2.264272183	0	Group1
0	1.150187829	0	0.015930066	0.563326024	0	5.04689551	0.086583357	0	0.248616526	0	0	0	0	1.723582186	0	0	0.090837207	0	0	0	0	0	15.11712496	0.02641517	0.569854051	0	0	0	0.430580411	0.250770722	0	0	0	0	Group1
0	0.449783645	1.392404634	0.247224813	0.196365504	0	0.064326853	0.225272069	0	0.131270423	0	0	0	0	2.462819773	0.208531238	0.081581674	0.434022324	0.008562587	0	0	0	0	4.967274478	0	0.274441836	0	0	0	0.134814759	0.186101167	0	0	5.702520132	0	Group1
0	0.847891593	0	0.041195153	0.082445755	0	14.37705662	0.010387035	0	0	0	0.000326863	0	0	1.668584116	0	0	0	0	0	0	0	0	3.407188945	0	0.124626939	0	0	0	0	0.135577695	0	0	0	0	Group1
0	0.96450267	0.67844781	0.113646748	0.344868089	0	0.906904837	0.529844312	0	0.087196569	0	0	0	0	2.00527897	0.034746908	0.173047993	0	0	0	0	0	0	3.229133268	0	0.326625936	0	0	0	0.106146204	0.25791115	0	0	0.387468794	0	Group1
0	1.223252841	0.076758029	0.308197464	0.067983307	0	0	0.319908928	0	0.277260468	0	0	0	0	2.088421631	0	0	0	0.002903513	0	0	0	0	15.44989626	0	0.112417243	0	0	0	0.315983024	0.131373126	0	0	0.224300115	0	Group1
0	2.003638195	1.56674339	0.183874928	0	0	0	0.100181984	0	0	0	0.115924568	0	0	4.754970988	0.087367733	0.034467016	0.603503151	0.009713145	0	0	0	0	4.843877846	0	0.618608382	0	0	0	0.001742042	0.231670176	0	0	1.246282309	0	Group1
0	1.220630759	0	0.172350384	0.239274614	0	2.867355504	0	0	0.085016679	0	0	0	0	2.063789601	0.014810973	0	0.019485918	0	0	0	0	0	15.52509715	0	0	0	0	0	1.088533425	0.332728725	0	0	0	0	Group1
0	1.369564808	1.572525466	0.125873328	0	0	0	0.097166233	0	0	0	0.150662691	0	0	5.494439402	0.333488257	0.165343319	1.36882004	0.010479682	0	0	0	0	4.498913241	0.09216678	0.203991716	0	0	0	0.101817824	0.239227242	0	0	1.151351462	0	Group1
0	0.788482516	0.171763355	0	0.148379574	0	0.095229117	1.657781103	2.021663934	0.670950851	0	0	0	0	1.701808726	0.358008894	0	0	0.006548405	0	0	0	0.052506872	1.539408652	0.040929639	0.452684565	0	0	0.039295054	0.050486136	0.123796529	0	0	0	0	Group1
0	1.35283134	0.579158825	0.337867146	0.045068208	0	0	3.201366397	2.427092754	0.796133263	0	0	0	0	2.787847061	0.504485952	0	0	0.001494792	0	0	0	0.037826588	1.999121947	0	0.577501072	0	0	0.017314571	0.011713223	0.069316654	0	0	0	0	Group1
0	1.301408415	0.275077681	0	0	0	0.085370665	1.804522101	1.045234002	0.478513742	0	0.004152302	0	0	2.175957094	0.318338177	0.086330152	0	0	0	0	0	0.077528433	1.043612305	0.087589838	0.433102698	0	0	0	0	0.073668454	0	0	0	0	Group1
0	1.741228661	0.268480279	0	0	0	0	1.145077495	2.081702112	0.438837469	0	0	0	0	2.561056162	0.294725221	0.140932625	0	0	0	0	0	0	2.031773144	0	0.868561819	0	0	0.010973633	0	0.0962732	0	0	0	0	Group1
0	1.33210609	0.298695404	0	0.052052972	0	0	1.429763629	2.753154545	0.421609703	0	0.01893883	0	0	2.756564104	0.113069244	0	0	0	0	0	0	0.04985141	1.268799093	0.000424371	0.516490924	0	0	0.049238257	0	0.152224842	0	0	0	0	Group1
0	1.162307244	0.802175549	0.062872776	0	0	0	4.29488891	2.481811296	0.860568232	0	0	0	0	4.131581586	0.655424532	0	0	0.003363933	0	0	0	0	1.719941797	0.036760683	0.36426692	0	0	0.246824937	0.120452094	0.114485381	0	0	0	0	Group1
0	1.193089872	0.911784822	0	0	0	0	2.551734346	2.518369851	0.5087278	0	0	0	0	4.488944894	0.879125825	0	0	0.002468649	0	0	0	0.069547491	2.449098784	0	0.680290251	0	0	0.291816409	0	0.18783814	0	0	0	0	Group1
0	1.377643042	1.593269082	0	0	0	0	2.263012234	2.626431283	1.668232311	0	0.25740109	0	0	5.881558341	0.053720208	0.620128095	0	0	0	0	0	0	3.559605566	0	0.131006945	0	0	0.231095023	0.097190346	0.177503067	0	0	0	0	Group1
0	1.121318013	0.308544339	0	0.313869216	0	0.350731055	1.775047594	2.030060147	0.564490724	0	0.018975225	0	0	2.769582886	0.292116149	0	0	0.005484878	0	0	0	0.018846684	1.854053306	0	0.230369388	0	0	0	0	0.095110629	0	0	0	0	Group1
0.299930381	0.596410274	0.256232569	0	0	0.044833758	0.124190143	1.615198484	1.035571481	0.587618254	0	0	0	0	5.194548789	0.064660867	0.021329229	0	0	0	0	0	0.092379436	2.026557106	0.01508002	0.896049864	0	0	0.562666955	0	0.058744646	0	0	0	0	Group1
0	0.598404565	0.379661652	0	0.008912821	0	0	1.700864737	1.570234112	0.216931771	0	0.03034769	0	0	1.960200604	0.112840187	0.237619218	0	3.24E-06	0	0	0	0.044980008	1.883994434	0.004604379	0.517650693	0	0	0	0.011723841	0.142382721	0	0	0	0	Group1
0	2.856941856	1.058411392	0.000936344	0	0	0	1.760834407	2.745817353	0.745441264	0	0	0	0	7.546229792	0.089777924	0.26955763	0	0	0	0	0	0	1.072138998	0	0.311280623	0	0	0.559338089	0	0	0	0	0	0	Group1
0	0.57965516	0	0	2.075589281	2.457947373	24.53411063	0.06196583	0	0	0	0	0	0	1.072508985	0	0	0	0.003218725	0	0	0	0	5.682750862	0	0.264305727	0	0	0	0	0.050143783	0	0	0	0	Group1
0	1.510339622	0	0	2.237623553	0	3.346187399	0.130964632	0	0	0	0	0	0	1.618557858	0	0	0	0.003319857	0	0	0	0	11.32432385	0	0	0	0	0	0	0	0	0	6.453038539	0	Group1
0	0.678892277	0	0	6.138417571	0.052591325	22.65282339	0.01793353	0	0	0	0	0	0	1.102201012	0	0	0	0.004042258	0	0	0	0	3.702799106	0	0.095281445	0	0	0	0	0	0	0	0.39319939	0	Group1
0	1.789527122	0	0	3.833261336	0	1.899202304	0.024543145	0	0.217099673	0	0	0	0	1.401404863	0	0	0	0	0	0	0	0	3.394114396	0	0.029798264	0	0	0	0	0.032544695	0	0	9.967215747	0	Group1
0	0.447077602	0	0	0.748095541	0.583821862	20.90274548	0.194308388	0	0.149423166	0	0	0	0	1.306655593	0	0	0	0	0	0	0	0	9.02052211	0	0.524835308	0	0	0	0.088016192	0.196275276	0	0	0	0	Group1
0	1.88115613	0.555831544	0	0.536740826	0.010503964	0.44544292	0.034379133	0	0.380302025	0	0	0	0	1.49941434	0	0.063831413	0.783460178	0	0	0	0	0	2.336532897	0	0.477440145	0	0	0	0	0.046934829	0	0	10.32442064	0	Group1
0	0.742571131	0	0.048361172	0.935621563	3.047976314	22.54787469	8.78E-05	0	0	0	0	0	0	1.287126207	0	0	0	0	0	0	0	0	3.78695992	0	0.396930091	0	0	0	0	0.005714797	0	0	0	0	Group1
0	1.30867615	0	0	1.600522437	0	1.024533187	0.21687591	0	0.327134177	0.562877934	0	0	0	1.487197517	0	0	0	0	0	0	0	0	8.829319275	0	0	0	0	0	0	0.01491772	0	0	6.696831871	0	Group1
0	0.352664119	0	0	8.65827478	0.158013611	21.37840732	0.088139859	0	0	0	0	0	0	1.132541928	0	0	0	0	0	0	0	0	3.512829816	0	0	0	0	0	0	0	0	0	0	0	Group1
0	1.114686041	0	0.096280869	1.247313227	0	0.03827636	0.153820062	0	0.003631652	1.706840152	0	0	0	1.883000967	0	0	0.004713422	0.005129555	0	0	0	0	13.50361178	0	0	0	0	0	0	0.000698522	0	0	8.549612519	0	Group1
0	2.893860588	0.157392471	0	0.078882796	0	0	8.352832794	6.639539808	1.501578526	0	0	0	0	5.844864628	0.067851461	0	0.23854853	0.003628446	0	0	0	0	1.335051735	0	0.480550198	0	0	0	0	0.051844753	0	0	0.265181331	0	Group1
0	3.203582675	0.082625569	0	0	0	0	6.655753663	6.642988833	1.56224854	0	0	0	0	5.417100778	0.025530077	0	0.051060967	0	0	0	0	0	1.44046227	0	0.392883233	0	0	0	0	0	0	0	0.381963184	0	Group1
0	1.576906231	0.424666525	0	0.065551836	0	0.290759384	6.489894502	4.955238858	2.076508674	0	0	0	0	6.750686398	0.086513167	0.283240214	0	0	0	0	0	0	3.518878973	0	0.35016865	0	0	0	0	0	0	0	1.109411871	0	Group1
0	3.454775875	0.029202988	0	0.04415582	0	0	6.907785733	5.590206977	1.458180823	0	0	0	0	5.085854125	0.189542324	0.035460595	0.13864115	0	0	0	0	0	2.969936231	0	0.372264607	0	0	0	0	0.051304065	0	0	0.400438991	0	Group1
0	3.319698644	0.335462894	0.015479676	0.005595936	0	0	8.650009391	7.207687859	0.708795003	0	0	0	0	7.734368087	0	0.319881392	0.265403841	0	0	0	0	0	2.127852559	0	0.65251193	0	0	0	0	0	0	0	0	0	Group1
0	2.645017466	0	0	0	0	0	8.889485382	7.4338915	1.574506977	0	0	0	0	6.080069765	0	0.085126328	0.049621175	0	0	0	0	0	1.206476293	0	0.317808908	0	0	0	0	0	0	0	0.096474616	0	Group1
0	3.319156897	0	0.001052505	0.020152185	0	0	5.985892255	6.561174162	1.489215378	0	0	0	0	10.51548367	0	0	0.444367786	0.001963048	0	0	0	0	3.296001062	0	0.476427959	0	0	0	0	0.048951009	0	0	0.321020354	0	Group1
0	1.871638458	0	0	0	0	0	9.646677958	6.129889953	1.916049316	0	0	0	0	8.14245055	0.052748762	0.041355617	0.060174434	0	0	0	0	0	1.670347977	0	0.128809395	0	0	0	0	0	0	0	0	0	Group1
0	2.385266823	0.100640966	0	0	0	0	8.084780202	6.477984428	1.674083592	0	0	0	0	6.711091142	0.070329957	0	0.063947226	0.004132228	0	0	0	0	1.183458784	0	0.309396542	0	0	0	0	0.045649548	0	0	0	0	Group1
0	2.772914395	0.211570317	0	0	0	0	8.810097225	6.296610983	1.153448672	0	0	0	0	6.970948485	0	0	0.10973697	0	0	0	0	0	0.829254682	0	0.330648564	0	0	0	0	0.04088463	0	0	0	0	Group1
0	2.984515372	0.306415196	0	0.060949068	0	0	7.583704019	6.792417748	1.036797771	0	0	0	0	6.545691296	0	0.027677704	0.08407099	0	0	0	0	0	1.239014254	0	0.135551454	0	0	0	0	0.025900939	0	0	0	0	Group1
0	1.323043812	0.394534707	0	0	0	0	6.023232651	4.428492127	1.501712678	0	0	0	0	4.547724136	0.014352578	0.061503059	0	0.009059065	0	0	0	0	1.729813706	0	0.28013263	0	0	0	0	0.045756497	0	0	0	0	Group1
0	3.809268234	0	0	0	0	0	6.185349622	7.20026292	0.934004654	0	0	0	0	5.646872949	0.010083241	0	0	0.004020319	0	0	0	0	1.710783243	0	0.467571276	0	0	0	0	0.101811339	0	0	0	0	Group1
0	2.376475463	0.121967517	0.044314189	0	0	0	6.614724091	5.148314546	1.810099068	0	0	0	0	5.79835486	0	0	0	0.01623858	0	0	0	0	1.374279593	0	0.54438833	0	0	0	0	0.158763394	0	0	0	0	Group1
0	2.569222395	0.232324469	0.472869709	0	0	0	7.257963623	4.258388033	1.894234065	0	0	0	0	9.518135552	0	0	0.038503189	0.000368872	0	0	0	0	0.776777644	0	0.433820333	0	0	0	0	0.008795408	0	0	0	0	Group1
0	2.098668698	0.198050329	0	0	0	0	6.296034868	4.322772764	1.691572141	0	0	0	0	7.113397853	0.025905814	0	0.223012627	0	0	0	0	0	1.077027173	0	0.485884899	0	0	0	0	0.054590311	0	0	0	0	Group1
0	2.520975266	0.004621	0	0	0	0	4.479140634	4.931163397	1.34260236	0	0	0	0	6.686380006	0	0.05818401	0.160638553	0	0	0	0	0	2.660717765	0	0.157293112	0	0	0	0	0	0	0	0.30458159	0	Group1
0	4.156513603	0	0	0	0	0	4.267593854	5.193834134	1.870680171	0	0	0	0	7.552566819	0	0	0.080186712	0	0	0	0	0	2.221837787	0	0.2305434	0	0	0	0	0	0	0	0.013477038	0	Group1
0	1.06240291	0	0	0	0	0	6.06538889	5.975756735	1.167074908	0	0	0	0	5.704341193	0.065728064	0.056045795	0.077156823	0	0	0	0	0	1.856045711	0	0.365209079	0	0	0	0	0.18208739	0	0	0.182333856	0	Group1
0	1.153643646	0.380209895	0	0	0	0	5.831751218	3.709798145	1.101215209	0	0	0	0	5.144793117	0.081324129	0.149586729	0.000583375	0	0	0	0	0	1.009256984	0.056127293	0.438137716	0	0	0	0	0.064882152	0	0	0	0	Group1
0	1.140378466	0	0.06695656	0	0	0.019045615	5.883147	5.160563913	1.465088987	0	0	0	0	3.867514835	0	0	0	0	0	0	0	0	0.284046169	0	0.288209977	0	0	0	0	0.012213724	0	0	0	0	Group1
0	2.896823841	0	0	0.14973712	0	0	6.652316186	4.117518382	0.560049196	0	0	0	0	5.346432185	0.141206806	0.103489411	0.185627606	0	0	0	0	0	0.729844263	0	0.370286132	0	0	0	0	0.00101953	0	0	0	0	Group1
0	1.31812211	0.003468035	0.033944456	0	0	0	6.230345521	4.337812283	1.794157093	0	0	0	0	7.272672717	0.041911092	0.067106677	0.333811029	0.020619671	0	0	0	0	0.881882264	0	0.477298367	0	0	0	0	0.080678993	0	0	0	0	Group1
0	1.987829701	0	0	0	0	0.072343703	7.036104271	5.027997163	1.015875364	0	0	0	0	5.193747098	0.037124797	0	0	0	0	0	0	0	0.740539596	0	0.350648557	0	0	0	0	0.100577725	0	0	0	0	Group1
0	1.125729801	0.118088713	0	0	0	0	5.19914273	4.591551376	1.328321762	0	0	0	0	4.634157458	0	0	0	0	0	0	0	0	0.99232882	0.045748062	0.437745733	0	0	0	0	0.036361372	0	0	0.164015382	0	Group1
0	2.947643877	0	0	0	0	0	7.97208979	5.090452941	0.567293069	0	0	0	0	6.455459918	0	0	0.12154265	0	0	0	0	0	1.077896234	0	0.37757697	0	0	0	0	0.026947607	0	0	0	0	Group1
0	1.834296119	0.031413477	0	0	0	0	5.387612563	3.379845237	1.813921816	0	0	0	0	8.8646689	0	0	0.146913158	0.001396153	0	0	0	0	0.694673252	0.056809537	0.124243563	0	0	0	0	0.068327137	0	0	0	0	Group1
0	1.686867513	0.159681966	0.084685179	0	0	0	6.62110333	5.167369312	1.988093472	0	0	0	0	7.565423812	0	0.137593422	0.022028551	0.002293794	0	0	0	0	0.64910789	0.008115473	0.44769504	0	0	0	0	0.069802928	0	0	0	0	Group1
0	2.827079919	0.066084676	0.015892643	0	0	0	9.662040059	7.176555844	0.904534075	0	0	0	0	5.187460542	0.035220906	0	0.047271234	0	0	0	0	0	0	0	0.134157443	0	0	0	0	0.120344001	0	0	0	0	Group1
0	1.966180387	0.080245937	0	0.114671071	0	0	7.384885551	3.961824065	1.053880141	0	0	0	0	4.20272196	0	0	0	0	0	0	0	0	0.444096707	0	0.258500081	0	0	0	0	0.057520342	0	0	0	0	Group1
0	1.956243665	0.301241566	0	0	0	0	6.757533978	5.862577767	0.500022652	0	0	0	0	6.00596132	0	0	0.014840697	0	0	0	0	0	1.180357616	0	0.163639328	0	0	0	0	0	0	0	0	0	Group1
0	3.947845746	0	0	0	0	0	6.56159491	7.195006457	1.572983019	0	0	0	0	5.612837568	0	0	0	0.00085986	0	0	0	0	1.193675065	0	0.108471933	0	0	0	0	0	0	0	0	0	Group1
0	1.939126858	0	0	0.09344097	0	0.060809459	8.549888375	6.569012998	1.686839154	0	0	0	0	6.667841555	0.005885888	0.177146252	0.117609682	0	0	0	0	0	0.318968571	0	0.22397059	0	0	0	0	0	0	0	0	0	Group1
0	0.86860977	0	0	0.215077177	0	0	7.011669051	4.221363672	1.547654407	0	0	0	0	6.317272446	0.103541596	0	0	0.003937981	0	0	0	0	1.448251065	0	0.583832108	0	0	0	0	0.151069672	0	0	0.13959587	0	Group1
0	1.607084799	0	0	0	0	0	6.559130032	6.840070037	1.881416447	0	0	0	0	4.749814414	0.000582535	0	0.038653169	0.011810158	0	0	0	0	1.10793532	0	0.3632147	0	0	0	0	0	0	0	0.029157785	0	Group1
0	1.150328369	0.150480409	0	0	0	0.003555002	5.832518941	4.055598833	1.465977916	0	0	0	0	5.074165805	0.455607023	0	0.116977719	0.004853317	0	0	0	0	1.652251865	0	0.229840917	0	0	0	0.007989703	0	0	0	0	0	Group1
0	0.610064712	0	0	0	0	0	7.490954176	5.656816288	0.821387681	0	0	0	0	4.574709953	0	0	0	0	0	0	0	0	0	0.01368374	0.063839713	0	0	0	0	0.068480667	0	0	0	0	Group1
0	2.652518457	0.285899726	0.398362834	0	0	0	8.080105583	4.699885888	1.733956292	0	0	0	0	6.222294489	0.092836582	0	0.219405916	0.001221339	0	0	0	0	1.56778927	0	0.317339274	0	0	0	0	0.006125482	0	0	0	0	Group1
0	3.092493364	0.274862154	0.295753452	0	0	0	8.191870351	5.424825256	1.213189322	0	0	0	0	7.887520747	0.014538904	0	0.08597246	0	0	0	0	0	1.871900392	0	0.501946422	0	0	0	0	0	0	0	0	0	Group1
0	1.45720218	0.510810433	0.427184656	0	0	0	7.386523213	3.912195691	2.312694809	0	0	0	0	9.071479388	0	0.09952869	0.207795096	0.010267483	0	0	0	0	1.249332744	0	0.46751751	0	0	0	0	0.093517094	0	0	0	0	Group1
0	2.383937908	0	0	0	0	0	9.431418784	6.564530371	1.101133728	0	0	0	0	6.178619028	0	0	0	0.001094344	0	0	0	0	1.409042825	0	0.226538625	0	0	0	0	0	0	0	0	0	Group1
0	4.551839071	0	0	0	0	0	6.848569861	5.901921449	2.097733605	0	0	0	0	5.295441275	0.162708815	0	0.006777871	0.003979263	0	0	0	0	1.246122778	0	0.5079594	0	0	0	0	0.056192095	0	0	0.404486847	0	Group1
0	1.188108229	0.114262389	0	0	0	0	7.926209479	5.842769717	1.810494417	0	0	0	0	7.413917178	0.045099439	0.089150504	0.243933789	0.00269714	0	0	0	0	2.816271748	0	0.41624542	0	0	0	0	0	0	0	0.611805492	0	Group1
0	2.758125081	0	0	0	0	0.14137086	6.768758868	4.977597071	1.369912757	0	0	0	0	6.443205126	0.179175239	0.025300231	0.06555196	0	0	0	0	0	1.649391114	0	0.198719691	0	0	0	0	0.108318035	0	0	0	0	Group1
0	2.833182154	0.033136827	0	0.016849346	0	0.227880662	7.88731695	4.266964855	1.740543348	0	0	0	0	7.622923147	0.017623743	0.2079219	0.126061869	0.01241528	0	0	0	0	2.574527566	0	0.478112013	0	0	0	0	0.075704366	0	0	0	0	Group1
0	0.662583194	0	0	3.077898665	0	13.54421275	0.15012972	0	0	0	0	0	0	0.340815114	0	0	0.151263542	0	0	0	0	0	7.469804831	0	0	0	0	0	0	0.012252761	0	0	0	0	Group1
0	1.489853578	0	0	0.374873416	0	0.411802022	0.092686909	0	0.409508211	0	0	0	0	1.20923959	0	0	0	0	0	0	0	0	8.63688659	0	0.268023917	0	0	0	0.155383052	0.133530245	0	0	7.950564249	0	Group1
0	0.776621167	0	0	1.863059128	1.751672488	16.3535845	0.188520632	0	0.305201774	0	0	0	0	1.331133266	0	0	0	0.002688232	0	0	0	0	6.093310587	0	0	0	0	0	0	0.226779197	0	0	0	0	Group2
0	1.10865386	0.21273929	0	1.20137384	0.336401939	1.694687401	0.365266149	0	0.298791666	0	0.044425438	0	0	1.734025231	0	0.102063529	0	0	0	0	0	0	10.14906308	0	0.359143589	0	0	0	0	0.25351693	0	0	2.127917238	0	Group2
0	0.594490852	0	0	1.710529204	1.913343416	18.49156227	0.122652116	0	0.101349198	0	0	0	0	0.932792638	0	0	0	0.002310183	0	0	0	0	7.505521075	0	0.258111154	0	0	0	0	0.074202952	0	0	0	0	Group2
0	1.210284032	0.475374739	0	1.531533218	0.18984134	1.233056966	0.202209326	0	0.312346188	0	0.024831928	0	0	1.974435871	0	0	0.15140639	0.012855824	0	0	0	0	6.798536731	0	0.641719428	0	0	0	0.00530942	0.129865646	0	0	2.162501579	0	Group2
0	1.042818026	0	0	0.822333164	3.506248516	16.6395511	0.154866412	0	0.107162744	0	0	0	0	1.234235395	0	0	0	0	0	0	0	0	4.188202364	0	0.222249303	0	0	0	0	0	0	0	0	0	Group2
0	1.702058557	0.312294609	0.302765084	0.44766977	0.48751112	0.966803829	0.10992629	0	0.148356297	0	0	0	0	1.253108401	0	0.073163394	0	0	0	0	0	0	6.552214489	0	0.465860026	0	0	0	0	0.192194052	0	0	2.795924603	0	Group2
0	0.855286338	0	0	2.145873633	2.693136803	17.67158976	0.005891505	0	0.008891891	0	0	0	0	0.919592194	0	0	0	0	0	0	0	0	3.279938846	0	0	0	0	0	0	0.007196574	0	0	0	0	Group2
0	1.09030657	0.269821892	0.021334202	0.834765342	0.118203491	0.781027126	0.227979363	0	0.240842792	0	0	0	0	1.956735175	0	0	0.040885431	0	0	0	0	0	11.94062462	0	0.285176762	0	0	0	0	0.104547243	0	0	2.849295598	0	Group2
0	1.105720204	0.086467449	0	1.964625696	3.626152277	16.8469219	0	0	0	0	0	0	0	1.382046029	0	0.052775474	0	0.0065376	0	0	0	0	4.126376146	0	0.02322121	0	0	0	0	0.190830615	0	0	0	0	Group2
0	1.112986263	0.563982803	0.002117919	0.603006596	0	1.796608576	0.229404666	0	0.207698501	0	0	0	0	1.35411452	0	0.148280857	0.020716357	0.001765828	0	0	0	0	4.122347243	0	0.349471366	0	0	0	0.006204712	0.223030626	0	0	3.555302167	0	Group2
0	3.533455092	0	0	0.316371295	0	0.474097054	3.635232353	5.197982897	1.474097326	0	0	0	0	9.550696018	0.055733079	0.0431888	0.208471171	0	0	0	0	0	2.724470025	0	0.391878624	0	0	0.024195994	0	0.095342713	0	0	0	0	Group2
0	6.021356181	1.73530961	0	0	0	0	5.421637687	6.434478745	0.901040724	0	0	0	0	6.225451275	0.039367334	0.055840367	0.244256169	0.003358532	0	0	0	0	1.724489499	0	0.341780975	0	0	0	0	0.068607281	0	0	0	0	Group2
0	4.015371415	0.202192924	0.214426183	0	0	0	5.729482355	5.294293315	1.700965179	0	0	0	0	9.614976444	0	0.067520606	0.17696223	0.007286474	0	0	0	0	2.491399389	0	0.156117439	0	0	0	0	0.127094941	0	0	0	0	Group2
0	3.389527693	0.776593941	0	0.01120191	0	0.061775667	5.791765222	5.786828686	0.693097256	0	0	0	0	6.468180488	0.76659142	0	0.227041283	0	0	0	0	0	1.176249849	0	0.37120012	0	0	0.141180555	0	0.009279628	0	0	0	0	Group2
0	5.611945032	0.263583377	0	0	0	0	5.22292331	6.329095257	1.150739467	0	0	0	0	7.105470462	0.63271404	0	0	0.010714333	0	0	0	0	1.550641194	0	0	0	0	0	0	0.067097888	0	0	0	0	Group2
0	3.656253483	0.460036229	0	0	0	0	4.260491237	6.456592813	1.37594753	0	0	0	0	7.070876657	0.253479506	0.016613552	0.096938635	0	0	0	0	0	2.814550013	0	0.21696436	0	0	0	0	0	0	0	0	0	Group2
0	4.363647392	0.376059627	0	0	0	0.109512057	5.478217624	6.091850507	0.814838409	0	0	0	0	7.741698204	0.745644499	0	0.070325578	0.003518265	0	0	0	0	2.251001387	0	0.348169072	0	0	0	0	0.119121746	0	0	0	0	Group2
0	1.589770509	0	0.016049238	0	0	0.039233584	4.039006436	5.892522891	1.152203061	0	0	0	0	7.862495697	0	0	0	0	0	0	0	0	1.783349007	0	0.375549704	0	0	0	0	0.131711333	0	0	0	0	Group2
0	3.409486949	0.777390131	0	0.118547731	0	0	4.36967724	5.230931878	0.486877174	0	0.115552625	0	0	4.776390411	0.068508038	0.280264894	0.348840822	0	0	0	0	0	1.992707893	0	0.365766608	0	0	0	0	0.066704511	0	0	0	0	Group2
0	4.746946852	0.191771395	0	0	0	0	3.540693586	5.143205118	0.912378291	0	0.074110454	0	0	7.934607061	0.185622581	0	0	0	0	0	0	0	1.768785581	0	0.241403694	0	0	0	0	0.144391772	0	0	0	0	Group2
0	2.349279686	1.011472115	0	0	0	0	5.335370217	5.379676997	1.93614008	0	0.162399197	0	0	8.265082785	0.507230195	0	0.493539467	0.006017635	0	0	0	0	3.283333352	0	0	0	0	0.140777693	0	0.155456487	0	0	0	0	Group2
0	0.891682916	0	0.165366967	1.319502422	0	4.593116528	0.173843703	0	0.614710252	0	0	0	0	1.949579619	0	0	0	0.010615939	0	0	0	0	6.559796636	0	0.792261024	0	0	0	0.369291684	0.144766266	0	0	1.81311888	0	Group2
0	0.975424538	0.688907849	0.429077711	0.141305045	0	0.017234096	0.20053972	0	0.678447736	0	0	0	0	2.786311875	0.045323596	0.059153029	0.254838037	0.033528008	0	0	0	0	3.693691135	0.180218788	0.859841115	0	0	0	0.222191132	0.11633539	0	0	4.074633992	0	Group2
0	1.073554778	0.029993726	0.160136318	0.34607139	0	5.974301191	0.105544875	0	0.389881346	0	0	0	0	2.070077784	0	0	0	0.025803525	0	0	0	0	8.880168256	0	0.691347382	0	0	0	0.256792198	0.146486598	0	0	1.328950463	0	Group2
0	1.468572111	0.949182502	0.44246831	0.215767533	0	0.081162792	0	0	0.710397426	0	0	0	0	2.978519106	0.024196419	0.020694076	0.23822977	0.025277139	0	0	0	0	6.044222011	0	0.91332742	0	0	0	0.075417277	0.155962771	0	0	2.404159715	0	Group2
0	0.900997392	0.5029479	0.310115046	1.043604398	0	2.793550824	0.130999989	0	0.570911969	0	0	0	0	3.242177024	0	0	0.126364947	0.027154482	0	0	0	0	12.66917671	0.031290212	0.972900077	0	0	0	0.696787491	0.248368822	0	0	3.36571747	0	Group2
0	1.3327586	0.868561334	0.44002805	0.043822325	0	0	0.14551628	0	0.90807911	0	0	0	0	4.425219203	0	0.097946339	0.392556265	0.033307239	0	0	0	0	5.544912659	0	1.168763794	0	0	0	0.262712679	0.174225774	0	0	5.691154627	0	Group2
0	0.827383282	0.249604908	0.279019026	0.259582602	0	1.380625048	0.130241418	0	0.588156395	0	0	0	0	2.611886695	0	0	0.13377714	0.027410174	0	0	0	0	12.94589664	0	0.796172524	0	0	0	0.38514894	0.093817868	0	0	1.041727048	0	Group2
0.174737663	1.911808777	1.493055728	0.394471719	0	0	0	0	0	1.068909339	0	0.00019996	0	0	6.037378406	0.042880516	0.176479531	0.919452122	0.051277078	0	0	0	0	3.865868679	0	1.040448415	0	0	0	0.150898626	0.171397537	0	0	1.968311745	0	Group2
0	0.731336028	0.240209756	0.513798363	0.416078889	0	1.115876695	0.20743115	0	0.521641461	0	0	0	0	3.054513445	0	0	0.0529382	0.033846956	0	0	0	0	13.43090898	0	0.55883996	0	0	0	0.402067133	0.141318715	0	0	1.942929106	0	Group2
0.105549835	1.810098155	1.58482669	0.66852204	0	0	0	0.0327351	0	0.651446764	0	0	0	0	5.756623901	0.115273619	0.117330047	0.53727954	0.053179403	0	0	0	0	5.963592764	0	1.111103306	0	0	0	0.265728929	0.181515714	0	0	3.062186749	0	Group2
0	1.460512172	0.193737662	0.376579013	0.667088891	0	3.95535948	0.095403965	0	0.568841551	0	0	0	0	4.488193269	0	0.146653939	0.587772813	0.091985235	0	0	0	0	16.71458348	0	1.697269141	0	0	0.164691585	1.817592393	0.090384987	0	0	2.354180256	0	Group2
0	1.56278736	0.442529466	0.39544398	0.067709644	0	0	0.147151175	0	0.608053188	0	0	0	0	3.319320142	0.010355204	0.124521722	0.400763514	0.053660005	0	0	0	0	9.91260507	0.013588415	0.884730846	0	0	0	0.19525115	0.227266148	0	0	5.376617086	0	Group2
0	0	0.449858323	0.086672316	0	0	0	3.144081938	1.465345648	0.963042483	0	0.018669842	0	0	3.02470463	0.026820448	0	0	0.005792333	0	0	0	0	0.067364101	0	0	0	0	0.034119216	0.023012092	0	0	0	0	0	Group2
0	0.72347809	0.302612837	0.061685511	0	0	0	2.864017018	2.108658197	0.993209298	0	0.064728471	0	0	2.820470245	0.128921298	0.051756194	0	0	0	0	0	0	1.037776945	0	0	0	0	0	0	0	0	0	0	0	Group2
0	0.739018586	0	0.013804175	0	0	0	3.006036614	1.682463346	0.780406711	0	0	0	0	1.53837778	0.213975975	0	0	0.021935821	0	0	0	0	0.755051869	0	0.049206052	0	0	0.10475783	0	0.077765462	0	0	0	0	Group2
0	0.486491368	0.765619453	0	0.169119262	0	0	2.901248404	1.623984309	0.459733995	0	0	0	0	1.907325561	0	0	0	0	0	0	0	0	0.808754681	0	0	0	0	0.091252156	0.13820251	0	0	0	0	0	Group2
0	0	0.274147603	0.124599917	0	0	0	0.117199346	0	0.058611966	0	0.061048923	0	0	1.034596555	0	0	0	0	0	0	0	0	0.356069937	0	0	0	0	0	0.017384314	0	0	0	0	0	Group2
0	0.201753961	0.2444518	0.122600526	0	0	0.02834875	0.099835584	0	0.633128684	0	0.21598465	0	0	1.668835678	0	0.007080942	0.060177755	0	0	0	0	0	0.32632485	0	0	0	0	0	0	0.021265409	0	0	0	0	Group2
0	0.528112174	0.055494662	0.138538194	0	0	0	0.313051796	0	1.190574364	0	0.061644687	0	0	3.161279984	0.071551734	0	0.126335929	0	0	0	0	0.021430107	0.386761971	0	0	0	0	0.091056001	0.081995648	0	0	0	0	0	Group2
0	0.179128031	0.588600541	0.050872846	0	0	0.136635662	0.581053194	0	0	0	0.006781919	0	0	3.095845098	0.117052491	0.106063186	0.315788406	0	0	0	0	0	0.312505412	0	0	0	0	0	0	0	0	0	0	0	Group2
0	0	0.49676497	0.177847904	0	0	0	0.395545127	0	0.975177289	0	0.224568587	0	0	3.091685802	0	0	0.033883795	0.00186902	0	0	0	0	2.175968926	0	0	0	0	0	0.006128448	0	0	0	0	0	Group2
0	0	0.063035175	0.231343508	0	0	0	0.309925099	0	0.211811307	0	0	0	0	0.777074397	0	0	0.002652914	0	0	0	0	0	0.184192381	0.00351383	0.06278134	0	0	0	0.028040206	0.025657149	0	0	0.048250118	0	Group2
0	0.746301854	0	0	0	0	9.514927416	0	0	0	0	0	0	0	0.451571328	0	0	0.037111044	0.000955109	0	0	0	0	9.215634566	0	0	0	0	0	0	0.007422674	0	0	0	0	Group2
0	1.23182139	0.038717359	0	0	0	0.279871771	0	0	0.235410984	0	0	0	0	0.951680348	0	0.009170677	1.289304402	9.58E-05	0	0	0	0	7.173537404	0	0.103860328	0	0	0	0	0.069095379	4.01833914	0	6.923498834	0	Group2
0	0.501593355	0	0	1.100409049	2.087133566	14.97353811	0	0	0	0	0	0	0	0.29035661	0	0	0	0.006574122	0	0	0	0	3.132002929	0	0	0	0	0	0	0	0	0	1.103751579	0	Group2
0	0.457359415	0.312734733	0	0.161676649	0	0.191591788	0	0	0.306122614	0	0	0	0	0.24357236	0	0	0.297287035	0.010729537	0	0	0	0	2.897203521	0	0	0	0	0	0	0.013897732	5.005752033	0	8.14404554	0	Group2
0	0.430847582	0	0	0.220276889	0	16.01426986	0.041708389	0	0	0	0	0	0	0.125561404	0	0	0	0	0	0	0	0	3.449935508	0	0	0	0	0	0.143695873	0	0	0	0	0	Group2
0	0.505594613	0.272325667	0	0.112532797	0	0.143782635	0	0	0.672202548	0	0	0	0	0.721584632	0	0	0.014037647	0	0	0	0	0	6.015811247	0	0	0	0	0	0	0.050724584	5.502487499	0	10.85704238	0	Group2
0	0	0	0	3.153414415	0.190223381	9.759547159	0	0	0	0	0	0	0	0.11170149	0	0	0	0	0	0	0	0	3.546201441	0	0	0	0	0	0	0	0	0	0	0	Group2
0	0.970654256	0	0	0.388408342	0	0.354763265	0	0	0.361224566	0	0	0	0	0.404194347	0	0	0	0	0	0	0	0	5.555936507	0	0	0	0	0	0	0.022851424	4.307915042	0	9.620944029	0	Group2
0	0.116750383	0	0	0.105657848	0.271879228	22.82956042	0	0	0	0	0	0	0	0.162717905	0	0	0	0	0	0	0	0	3.820450031	0	0	0	0	0	0	0	0	0	0	0	Group2
0	1.31898874	0.395459533	0	0	0	0.110925732	0.003960154	0	0.596661716	0	0	0	0	1.09868923	0	0	0.336091168	0	0	0	0	0	7.535318383	0	0	0	0	0	0	0.007540185	3.685958904	0	12.80363417	0	Group2
0	0.221907019	0	0	6.241035902	0	15.71458676	0	0	0	0	0	0	0	0.378830652	0	0	0	0	0	0	0	0	1.415048475	0	0	0	0	0	0	0	0	0	0	0	Group2
0	0.455337991	1.014003003	0.104677815	2.938335567	0	0.701086028	0	0	0.504700096	0	0	0	0	2.891411167	0	0	0.591594279	0	0	0	0	0	4.471795285	0	0.082746145	0	0	0	0.090917686	0.035585155	1.029608727	0	8.461373849	0	Group2
0	4.218869379	0	0	0	0	0	4.907113219	4.487615843	0.599754014	0	0	0	0	2.460797338	2.055484854	0	0.22757473	0	0	0	0	0	0	0	0.290017692	0	0	0.949821238	0	0	0	0	0	0	Group2
0	6.12611517	0.539537081	0	0	0	0	4.48318297	6.003833503	0.514512064	0	0	0	0	4.102401696	1.799693522	0.08755242	0.369794356	0	0	0	0	0	0.073308058	0.073187755	0.094958823	0	0	0.03982196	0	0	0	0	0	0	Group2
0	2.578388082	0.185110952	0	0	0	0	3.603414618	5.875529217	0.606497204	0	0	0	0	1.353036228	0.334981276	0	0.0401507	0	0	0	0	0	0.048410669	0	0	0	0	0.131502761	0	0.02632916	0	0	0	0	Group2
0	4.476868167	0.785699105	0	0	0	0	3.66186537	4.001109983	0.734584625	0	0	0	0	4.608303794	0.725255896	0	0.147294082	0	0	0	0	0	0.6497736	0	0	0	0	0.206827493	0	0	0	0	0	0	Group2
0	4.32101938	0.078295815	0.051148624	0.029652995	0	0.002277238	2.50925265	3.839664811	0.851689683	0	0.000850232	0	0	3.011940156	0.305919259	0.269607499	0	0	0	0	0	0	0.366709297	0	0	0	0	1.280872482	0	0	0	0	0	0	Group2
0	4.619119242	0.415947342	0	0	0	0	4.91909179	5.535992678	0	0	0	0	0	3.729929592	1.236104547	0	0	0	0	0	0	0	0.568841117	0	0.050902102	0	0	1.383720608	0	0	0	0	0	0	Group2
0	0.751986366	0.408419512	0	0	0	0	2.997789497	1.658724965	0.851842995	0	0.008410274	0	0	2.422287583	0.450881734	0	0	0	0	0	0	0	0	0	0	0	0	0.339149359	0	0	0	0	0	0	Group2
0	4.062984411	1.187539498	0	0	0	0	3.42126441	2.914450231	0.660055704	0	0	0	0	3.737780604	0.558393802	0	0.045317677	0	0	0	0	0	0.390102712	0	0	0	0	1.275744379	0	0.03907583	0	0	0	0	Group2
0	5.18463027	0.679095823	0.017312193	0	0	0	3.555588226	2.987563553	0.438328924	0	0.026131386	0	0	4.059398597	0.274914598	0.305080619	0.05992936	0	0	0	0	0	0.5724762	0.330484516	0.188143488	0	0	1.98739181	0	0.083122036	0	0	0	0	Group2
0	4.932135621	0.737457713	0.025778139	0	0	0	2.386029112	2.918281816	1.014595878	0	0	0	0	3.283211574	0.705595466	0	0.029963804	0	0	0	0	0	0.452727252	0	0	0	0	0.902046823	0	0	0	0	0	0	Group2
0	3.585923803	0.640953409	0	0	0	0	1.886275768	1.102566495	0.595186734	0	0.301694637	0	0	4.388699674	0.986842385	0	0.517150504	0	0	0	0	0	1.817405711	0.077297076	0.307792513	0	0	1.052599094	0	0	0	0	0	0	Group2
0	3.848581476	1.486805855	0	0	0	0	3.224281655	1.073390446	0.575783241	0	0.018441065	0	0	6.730195824	1.025007027	0	0.366034588	0	0	0	0	0	1.454278884	0	0	0	0	0.938381499	0.007318758	0.030262233	0	0	0	0	Group2
0	0.111095479	0	0	1.767578015	0	7.141688845	0.147239006	0	0.08792971	0	0	0	0	0.166150174	0	0	0	0	0	0	0	0	1.091477032	0	0	0	0	0	0.015879244	0	0	0	0	0	Group2
0	0.564870051	0.371626357	0	1.484854407	0	0.348647798	0.136389563	0	0	0	0	0	0	0.513491205	0	0	0	0	0	0	0	0	3.195704727	0	0.005100298	0	0	0	0	0	2.853573201	0	6.656099091	0	Group2
0	0	0	0	0.034140774	0	0.24653013	0	0	0.034548242	0	0	0	0	0.066988614	0.021533922	0	0	0	0	0	0	0	0	0	0.058330386	0	0	0.023644511	0	0	0	0	0.057725951	0	Group2
0	0.920368554	0.620440432	0	0.839088808	0	0.603525381	0.000580935	0	0	0	0	0	0	0.789624328	0	0.00550509	0	0	0	0	0	0	3.86062922	0	0	0	0	0	0	0.045883371	3.039110735	0	8.449107689	0	Group2
0	0.496391359	0	0	2.784465373	0.189430308	20.90189117	0.000146879	0	0	0	0	0	0	0.262297716	0	0	0	0	0	0	0	0	2.813141959	0	0	0	0	0	0	0	0	0	0	0	Group2
0	1.079742136	0.137686143	0	2.47315073	0	1.326468145	0.169297926	0	0	0.745504467	0	0	0	1.002651918	0	0	0	0	0	0	0	0	12.578603	0	0	0	0	0.132356355	0	0	0	0	3.891138954	0	Group2
0	0	0	0	3.584194705	0.143651986	22.1287594	0	0	0	0	0	0	0	0.284604215	0	0	0	0.005292449	0	0	0	0	0.350203393	0	0	0	0	0	0	0	0	0	0	0	Group2
0	0.618993242	1.072634184	0	1.391385413	0	0.439546324	0.067990325	0	0.227500869	0	0	0	0	0.890407603	0.038424641	0.046317298	0.007484001	0	0	0	0	0	1.674273423	0	0	0	0	0.334363347	0	0.040136246	3.270560819	0	7.585819303	0	Group2
0	0.55176928	0	0	3.084436308	0.888431737	21.95524452	0	0	0	0	0	0	0	0.464150148	0	0	0	0	0	0	0	0	2.254446238	0	0	0	0	0	0	0	0	0	0	0	Group2
0	0.541465523	0.545432687	0	1.44289107	0	1.419717647	0.214780339	0	0	0	0	0	0	0.66140814	0	0.04655765	0.043171461	0	0	0	0	0	3.739159045	0	0	0	0	0.195425308	0	0.048006256	3.464088755	0	7.761277068	0	Group2
0	0.10399675	0	0	3.122086379	1.133407138	19.78235667	0	0	0	0	0	0	0	0.227932244	0	0	0	0	0	0	0	0	2.4739176	0	0	0	0	0	0	0	0	0	0	0	Group2
0	0.812770505	0.312873282	0	1.322378649	0	1.258321827	0.034466876	0	0.023683774	0	0	0	0	0.822487874	0	0	0.03365911	0	0	0	0	0	8.438718529	0	0	0	0	0	0	0	1.743252193	0	5.37847838	0	Group2
0	3.424691249	1.072796347	0	0.030270233	0	0	5.939304368	7.267890915	0.90337475	0	0	0	0	2.18107347	0.257709251	0.034438812	0.142157156	0.005103525	0	0	0	0	1.874612716	0	0.018787654	0	0	1.108402232	0	0.010044421	0	0	0	0	Group2
0	1.619361603	1.324963141	0	0	0	0	6.033935795	5.864361086	1.908756594	0	0	0	0	3.053407575	1.353902829	0.296574642	0	0	0	0	0	0	1.741912338	0	0	0	0	0.168226202	0	0	0	0	0	0	Group2
0	2.453959987	0.81055544	0	0.000262747	0	0.036693441	5.573926914	5.946840071	1.676532606	0	0	0	0	3.752802098	0.566053052	0	0	0	0	0	0	0	0.430786248	0	0.012986671	0	0	0	0	0.02673984	0	0	0	0	Group2
0	5.142189069	0.501273972	0	0.1126784	0	0	4.936006066	6.265326051	1.191248185	0	0	0	0	3.350874287	0.599664098	0	0.0218589	0.005973089	0	0	0	0	1.950923779	0	0.266403449	0	0	2.304174133	0	0	0	0	0	0	Group2
0	3.691565274	0.642219808	0	0.125410599	0	0.029904703	6.05523096	6.778934776	1.328611257	0	0	0	0	3.516476258	0.047688482	0	0	0	0	0	0	0	0.89273031	0	0.188681144	0	0	1.422224115	0	0	0	0	0	0	Group2
0	2.096525431	1.44613531	0	0	0	0	7.222405619	5.660236394	2.03071864	0	0	0	0	3.652253136	1.451475558	0.163015612	0	0	0	0	0	0	0.85528517	0	0.0442853	0	0	0	0	0	0	0	0	0	Group2
0	3.385312359	0.934737514	0	0	0	0.007952607	5.850086018	5.362598245	1.00359332	0	0	0	0	3.235642676	1.627714313	0	0	0.00333301	0	0	0	0	1.822559428	0	0.173555872	0	0	0	0	0	0	0	0	0	Group2
0	0.805289969	1.548426446	0	0.016003036	0	0	5.026194106	5.458511001	0.827448285	0	0	0	0	2.137618722	2.09535829	0	0	0	0	0	0	0	1.180285055	0.119614853	0.162285979	0	0	0.293575627	0	0	0	0	0	0	Group2
0	3.5984081	0.320802528	0	0	0	0.123384453	1.020135481	6.117983599	1.751053078	0	0	0	0	5.681308573	0.238792535	0	0.031052566	0	0	0	0	0	3.775415845	0	0.084870014	0	0	0.727719055	0.016723939	0.076012059	0	0	0	0	Group2
0	2.690202448	3.215042555	0.047436057	0	0	0	4.788746153	7.927405909	1.769431274	0	0	0	0	9.113866717	0	0	0.218742185	0	0	0	0	0	0.295572822	0	0	0	0	0	0	0	0	0	0	0	Group2
0	0.178338553	0	0	0.488270881	0	4.340041464	0.188179057	0	0.287667726	0	0.184808211	0	0	0.660199827	0	0	0.330301702	0.010933996	0	0	0	0	6.77026895	0	0	0	0	0	1.522898197	0	0	0	0	0	Group2
0	0.086188562	0.662765137	0	0.324205624	0	0.082827712	0	0	0.374794062	0	0.038781577	0	0	2.111469158	0	0	0.284231843	0.010007808	0	0	0	0	2.973148591	0	0	0	0	0	0	0.039904999	0.602819942	0	5.736937769	0	Group2
0	0.064511638	0	0.044887037	0.409122454	0	10.14624252	0.03828583	0	0.429316859	0	0	0	0	0.57051916	0	0	0	0	0	0	0	0	1.581120175	0	0	0	0	0	0	0.226520092	0	0	0.10660469	0	Group2
0	0.247940738	0	0.339082319	0.384391772	0	0.170166019	0	0	0.070483656	0	0	0	0	1.074052767	0	0	0.08852157	0	0	0	0	0	3.951044438	0	0	0	0	0	0	0	0	0	4.29772809	0	Group2
0	0.439162559	0	0.265668671	0.770514816	0	7.804072288	0.018219762	0	0	0	0	0	0	1.354881719	0	0	0	0.00340292	0	0	0	0	9.032049114	0	0	0	0	0	0.13606209	0.027816464	0	0	0	0	Group2
0	0.0034957	0.5773785	0.488042743	0.480508293	0	0.245860841	0.128170279	0	0.340170029	0	0	0	0	1.581704437	0	0	0	0	0	0	0	0	2.21255946	0	0	0	0	0	0	0.047110154	0.861284236	0	5.120747161	0	Group2
0	0.597165556	0	0	0.155004326	0	3.711024945	0	0	0.078004883	0	0.033280457	0	0	0.729850605	0	0	0	0.011556162	0	0	0	0	9.333895804	0	0.071739937	0	0	0	0.127851728	0.036179372	0	0	0	0	Group2
0	0.063446434	0.53936963	0.310699021	0.354293603	0	0.074370888	0.100271515	0	0.267193977	0	0	0	0	1.495351622	0	0	0.178635395	0.002417293	0	0	0	0	2.906548079	0	0.088699547	0	0	0	0	0.097351045	0.670502609	0	3.687413858	0	Group2
0	0.307367116	0.43163448	0.194934962	0.895728908	0	4.078127408	0	0	0.178233921	0	0	0	0	1.072010911	0	0	0	0	0	0	0	0	6.119569791	0	0.166581875	0	0	0	0.539569604	0	0	0	0	0	Group2
0	0	0.739729985	0.337677299	0.051872337	0	0	0	0	0.45703784	0	0	0	0	2.968497025	0	0	0.20710181	0	0	0	0	0	6.912377912	0	0.542936931	0	0	0	0	0.173923987	0	0	3.968152841	0	Group2
0	0.126917075	0	0	0.188008424	0	1.131601101	0.206224179	0	0.690707008	0	0.059641123	0	0	0.431284043	0	0	0.057132557	0.009047376	0	0	0	0	7.849299629	0	0.105852305	0	0	0	0	0.130581118	0	0	0	0	Group2
0	0	0.363104701	0	0.290077029	0	0.160303612	0.168822174	0	0.314790029	0	0	0	0	0.538543411	0	0	0.061485364	0.006231308	0	0	0	0	2.81026301	0	0.031706625	0	0	0	0	0.12798704	0.118977205	0	3.31737446	0	Group2
0	2.616965474	0	0.078275321	0.230237761	0	0.492211927	3.580428836	0.756042146	0.807940442	0	0	0	0	4.855279235	0.16912943	0	0	0	0	0	0	0	1.022389115	0	0.363945125	0	0	0	0.040450299	0.024995578	0	0	0.061128873	0	Group2
0	3.187176667	0.452163228	0	0	0	0	3.0764198	2.672877721	0.91015367	0	0	0	0	4.479096008	0	0	0.509497891	0.006370182	0	0	0	0	2.329625183	0.129622927	0.071111105	0	0	0.121764924	0	0.084774528	0	0	0	0	Group2
